0.000000E0	-2.151595E-1	-1.469115E-1
1.000000E0	-2.131554E-1	-1.438019E-1
2.000000E0	-2.028047E-1	-1.420563E-1
3.000000E0	-2.065862E-1	-1.404972E-1
4.000000E0	-2.076433E-1	-1.326611E-1
5.000000E0	-2.083680E-1	-1.269344E-1
6.000000E0	-2.085502E-1	-1.385786E-1
7.000000E0	-2.135016E-1	-1.311328E-1
8.000000E0	-2.122846E-1	-1.230166E-1
9.000000E0	-2.196019E-1	-1.231576E-1
1.000000E1	-2.179134E-1	-1.300209E-1
1.100000E1	-2.182110E-1	-1.229748E-1
1.200000E1	-2.086351E-1	-1.264379E-1
1.300000E1	-2.159313E-1	-1.266455E-1
1.400000E1	-2.130002E-1	-1.321105E-1
1.500000E1	-2.101094E-1	-1.355957E-1
1.600000E1	-2.045151E-1	-1.347125E-1
1.700000E1	-2.120716E-1	-1.400410E-1
1.800000E1	-2.106501E-1	-1.424901E-1
1.900000E1	-2.056941E-1	-1.383952E-1
2.000000E1	-2.079344E-1	-1.491426E-1
2.100000E1	-2.073542E-1	-1.415091E-1
2.200000E1	-2.036338E-1	-1.357413E-1
2.300000E1	-1.975313E-1	-1.300241E-1
2.400000E1	-1.954598E-1	-1.252012E-1
2.500000E1	-1.899040E-1	-1.263986E-1
2.600000E1	-1.868873E-1	-1.180908E-1
2.700000E1	-1.869676E-1	-1.149928E-1
2.800000E1	-1.874703E-1	-1.073493E-1
2.900000E1	-1.879767E-1	-9.651414E-2
3.000000E1	-1.842119E-1	-1.054271E-1
3.100000E1	-1.859302E-1	-1.078734E-1
3.200000E1	-1.829148E-1	-1.193177E-1
3.300000E1	-1.847727E-1	-1.156421E-1
3.400000E1	-1.803441E-1	-1.030052E-1
3.500000E1	-1.808772E-1	-1.037168E-1
3.600000E1	-1.691738E-1	-9.775748E-2
3.700000E1	-1.735632E-1	-9.234473E-2
3.800000E1	-1.739488E-1	-9.992666E-2
3.900000E1	-1.763356E-1	-1.065942E-1
4.000000E1	-1.756130E-1	-1.051893E-1
4.100000E1	-1.705730E-1	-1.038747E-1
4.200000E1	-1.743515E-1	-1.110394E-1
4.300000E1	-1.638854E-1	-1.074851E-1
4.400000E1	-1.628280E-1	-9.907554E-2
4.500000E1	-1.545287E-1	-1.067384E-1
4.600000E1	-1.482410E-1	-1.037980E-1
4.700000E1	-1.541322E-1	-9.799998E-2
4.800000E1	-1.583202E-1	-9.994780E-2
4.900000E1	-1.593799E-1	-9.857702E-2
5.000000E1	-1.549782E-1	-9.454035E-2
5.100000E1	-1.669276E-1	-8.857469E-2
5.200000E1	-1.754258E-1	-9.339424E-2
5.300000E1	-1.775577E-1	-9.291020E-2
5.400000E1	-1.775232E-1	-9.476649E-2
5.500000E1	-1.683321E-1	-9.820185E-2
5.600000E1	-1.610243E-1	-9.897947E-2
5.700000E1	-1.605380E-1	-1.014330E-1
5.800000E1	-1.483595E-1	-1.073718E-1
5.900000E1	-1.380538E-1	-9.277075E-2
6.000000E1	-1.388801E-1	-9.483120E-2
6.100000E1	-1.308156E-1	-9.609284E-2
6.200000E1	-1.345777E-1	-9.775817E-2
6.300000E1	-1.404520E-1	-1.043103E-1
6.400000E1	-1.454761E-1	-1.072197E-1
6.500000E1	-1.451996E-1	-1.028023E-1
6.600000E1	-1.433972E-1	-1.001148E-1
6.700000E1	-1.436176E-1	-9.873838E-2
6.800000E1	-1.324645E-1	-1.111030E-1
6.900000E1	-1.222392E-1	-1.071501E-1
7.000000E1	-1.226195E-1	-1.101918E-1
7.100000E1	-1.282381E-1	-1.138028E-1
7.200000E1	-1.284362E-1	-1.148861E-1
7.300000E1	-1.315131E-1	-1.014446E-1
7.400000E1	-1.278078E-1	-8.804823E-2
7.500000E1	-1.310121E-1	-9.282199E-2
7.600000E1	-1.292494E-1	-8.979902E-2
7.700000E1	-1.263745E-1	-8.268273E-2
7.800000E1	-1.215762E-1	-9.017449E-2
7.900000E1	-1.236885E-1	-9.155061E-2
8.000000E1	-1.173362E-1	-8.790434E-2
8.100000E1	-1.227310E-1	-8.042832E-2
8.200000E1	-1.319119E-1	-7.006983E-2
8.300000E1	-1.258461E-1	-6.997566E-2
8.400000E1	-1.258292E-1	-7.056436E-2
8.500000E1	-1.347837E-1	-6.405006E-2
8.600000E1	-1.420578E-1	-6.264886E-2
8.700000E1	-1.460040E-1	-6.011116E-2
8.800000E1	-1.418960E-1	-5.700881E-2
8.900000E1	-1.318683E-1	-5.018947E-2
9.000000E1	-1.435745E-1	-5.405039E-2
9.100000E1	-1.441520E-1	-6.280098E-2
9.200000E1	-1.480708E-1	-6.476074E-2
9.300000E1	-1.497752E-1	-6.898523E-2
9.400000E1	-1.466027E-1	-7.301685E-2
9.500000E1	-1.373854E-1	-6.863358E-2
9.600000E1	-1.356295E-1	-6.189338E-2
9.700000E1	-1.436174E-1	-6.189222E-2
9.800000E1	-1.483042E-1	-5.763281E-2
9.900000E1	-1.468654E-1	-5.995842E-2
1.000000E2	-1.434507E-1	-5.663615E-2
1.010000E2	-1.395969E-1	-5.310858E-2
1.020000E2	-1.398067E-1	-3.362082E-2
1.030000E2	-1.246424E-1	-4.209282E-2
1.040000E2	-1.192229E-1	-4.474355E-2
1.050000E2	-1.165232E-1	-4.124603E-2
1.060000E2	-1.200847E-1	-3.381428E-2
1.070000E2	-1.070030E-1	-3.598852E-2
1.080000E2	-1.127004E-1	-3.975962E-2
1.090000E2	-1.160905E-1	-4.893683E-2
1.100000E2	-1.051805E-1	-4.231731E-2
1.110000E2	-1.033243E-1	-3.552705E-2
1.120000E2	-1.013320E-1	-3.684396E-2
1.130000E2	-1.053930E-1	-2.247654E-2
1.140000E2	-1.015481E-1	-3.014393E-2
1.150000E2	-1.095581E-1	-3.289753E-2
1.160000E2	-1.164805E-1	-3.204699E-2
1.170000E2	-1.146169E-1	-3.073179E-2
1.180000E2	-1.144529E-1	-2.527114E-2
1.190000E2	-1.227461E-1	-2.532110E-2
1.200000E2	-1.287056E-1	-2.432792E-2
1.210000E2	-1.210916E-1	-2.706559E-2
1.220000E2	-1.203514E-1	-3.227621E-2
1.230000E2	-1.218744E-1	-3.184959E-2
1.240000E2	-1.186043E-1	-2.571229E-2
1.250000E2	-1.240411E-1	-2.317386E-2
1.260000E2	-1.223142E-1	-3.081242E-2
1.270000E2	-1.171903E-1	-3.215584E-2
1.280000E2	-1.116405E-1	-3.966765E-2
1.290000E2	-1.148573E-1	-3.808508E-2
1.300000E2	-1.107631E-1	-4.891194E-2
1.310000E2	-1.108099E-1	-4.238551E-2
1.320000E2	-1.094839E-1	-4.869448E-2
1.330000E2	-1.082613E-1	-5.656765E-2
1.340000E2	-1.003104E-1	-5.585913E-2
1.350000E2	-9.931293E-2	-6.528792E-2
1.360000E2	-9.362839E-2	-7.076020E-2
1.370000E2	-8.679346E-2	-6.930997E-2
1.380000E2	-8.507814E-2	-6.381334E-2
1.390000E2	-8.460327E-2	-7.101431E-2
1.400000E2	-8.913009E-2	-6.400008E-2
1.410000E2	-9.161593E-2	-6.732424E-2
1.420000E2	-9.185882E-2	-6.498200E-2
1.430000E2	-9.940577E-2	-6.973869E-2
1.440000E2	-1.035101E-1	-6.949878E-2
1.450000E2	-1.010169E-1	-7.324015E-2
1.460000E2	-9.135069E-2	-7.463954E-2
1.470000E2	-9.144245E-2	-6.641994E-2
1.480000E2	-9.212076E-2	-6.471762E-2
1.490000E2	-8.540182E-2	-7.107268E-2
1.500000E2	-8.721954E-2	-7.335660E-2
1.510000E2	-8.692911E-2	-6.983051E-2
1.520000E2	-8.322772E-2	-7.097655E-2
1.530000E2	-8.613076E-2	-6.805686E-2
1.540000E2	-8.156444E-2	-7.517443E-2
1.550000E2	-7.501806E-2	-8.137987E-2
1.560000E2	-7.531169E-2	-7.523667E-2
1.570000E2	-7.881895E-2	-7.219837E-2
1.580000E2	-7.270654E-2	-7.315341E-2
1.590000E2	-7.864254E-2	-7.149104E-2
1.600000E2	-7.749243E-2	-7.137156E-2
1.610000E2	-8.150168E-2	-7.508944E-2
1.620000E2	-7.976052E-2	-6.936717E-2
1.630000E2	-8.497125E-2	-5.977318E-2
1.640000E2	-8.839114E-2	-6.291724E-2
1.650000E2	-8.790330E-2	-6.859805E-2
1.660000E2	-8.571103E-2	-7.057528E-2
1.670000E2	-9.198383E-2	-7.243256E-2
1.680000E2	-9.832173E-2	-7.312837E-2
1.690000E2	-1.004992E-1	-7.640181E-2
1.700000E2	-9.614692E-2	-7.840315E-2
1.710000E2	-1.005880E-1	-8.165182E-2
1.720000E2	-1.017631E-1	-8.476143E-2
1.730000E2	-1.010501E-1	-8.259671E-2
1.740000E2	-9.899253E-2	-7.620778E-2
1.750000E2	-9.247293E-2	-7.379286E-2
1.760000E2	-9.683104E-2	-8.626357E-2
1.770000E2	-9.476794E-2	-8.873089E-2
1.780000E2	-9.107939E-2	-1.004573E-1
1.790000E2	-9.639686E-2	-1.103076E-1
1.800000E2	-9.444487E-2	-1.130157E-1
1.810000E2	-8.452344E-2	-1.182213E-1
1.820000E2	-9.137415E-2	-1.150134E-1
