0.000000E0	9.377855E-1	-7.181142E-1
1.000000E-1	9.358611E-1	-7.198601E-1
2.000000E-1	9.332846E-1	-7.224188E-1
3.000000E-1	9.348126E-1	-7.246804E-1
4.000000E-1	9.352561E-1	-7.257545E-1
5.000000E-1	9.337543E-1	-7.265681E-1
6.000000E-1	9.310774E-1	-7.318608E-1
7.000000E-1	9.285115E-1	-7.309487E-1
8.000000E-1	9.245867E-1	-7.300983E-1
9.000000E-1	9.278008E-1	-7.294069E-1
1.000000E0	9.277449E-1	-7.307939E-1
1.100000E0	9.316518E-1	-7.354731E-1
1.200000E0	9.313183E-1	-7.353050E-1
1.300000E0	9.309098E-1	-7.364931E-1
1.400000E0	9.331769E-1	-7.376689E-1
1.500000E0	9.307965E-1	-7.386176E-1
1.600000E0	9.311445E-1	-7.399948E-1
1.700000E0	9.322309E-1	-7.370444E-1
1.800000E0	9.323445E-1	-7.344160E-1
1.900000E0	9.308453E-1	-7.314643E-1
2.000000E0	9.340782E-1	-7.273150E-1
2.100000E0	9.349061E-1	-7.287617E-1
2.200000E0	9.352792E-1	-7.272733E-1
2.300000E0	9.367419E-1	-7.279498E-1
2.400000E0	9.368546E-1	-7.269327E-1
2.500000E0	9.403604E-1	-7.238686E-1
2.600000E0	9.389350E-1	-7.233823E-1
2.700000E0	9.370373E-1	-7.223121E-1
2.800000E0	9.382735E-1	-7.215320E-1
2.900000E0	9.361827E-1	-7.204170E-1
3.000000E0	9.378654E-1	-7.220255E-1
3.100000E0	9.373287E-1	-7.201375E-1
3.200000E0	9.375267E-1	-7.223763E-1
3.300000E0	9.386899E-1	-7.225214E-1
3.400000E0	9.372996E-1	-7.247700E-1
3.500000E0	9.366337E-1	-7.247631E-1
3.600000E0	9.343374E-1	-7.222834E-1
3.700000E0	9.341158E-1	-7.200632E-1
3.800000E0	9.309769E-1	-7.201156E-1
3.900000E0	9.282180E-1	-7.189494E-1
4.000000E0	9.264538E-1	-7.192496E-1
4.100000E0	9.244583E-1	-7.193384E-1
4.200000E0	9.253757E-1	-7.165938E-1
4.300000E0	9.252235E-1	-7.165870E-1
4.400000E0	9.259309E-1	-7.198433E-1
4.500000E0	9.270813E-1	-7.232281E-1
4.600000E0	9.268393E-1	-7.223321E-1
4.700000E0	9.253889E-1	-7.218168E-1
4.800000E0	9.236802E-1	-7.237325E-1
4.900000E0	9.232898E-1	-7.263794E-1
5.000000E0	9.233869E-1	-7.255728E-1
5.100000E0	9.252173E-1	-7.309425E-1
5.200000E0	9.276623E-1	-7.319805E-1
5.300000E0	9.269946E-1	-7.336607E-1
5.400000E0	9.272167E-1	-7.328901E-1
5.500000E0	9.267153E-1	-7.336289E-1
5.600000E0	9.285362E-1	-7.361364E-1
5.700000E0	9.294471E-1	-7.322481E-1
5.800000E0	9.321847E-1	-7.328210E-1
5.900000E0	9.330519E-1	-7.334886E-1
6.000000E0	9.321087E-1	-7.321205E-1
6.100000E0	9.339775E-1	-7.321585E-1
6.200000E0	9.339542E-1	-7.303104E-1
6.300000E0	9.363602E-1	-7.335794E-1
6.400000E0	9.373872E-1	-7.364097E-1
6.500000E0	9.375492E-1	-7.346919E-1
6.600000E0	9.375866E-1	-7.357706E-1
6.700000E0	9.370607E-1	-7.362168E-1
6.800000E0	9.315444E-1	-7.373737E-1
6.900000E0	9.289605E-1	-7.413909E-1
7.000000E0	9.273773E-1	-7.403398E-1
7.100000E0	9.275157E-1	-7.356753E-1
7.200000E0	9.271098E-1	-7.344743E-1
7.300000E0	9.263577E-1	-7.336265E-1
7.400000E0	9.281856E-1	-7.324796E-1
7.500000E0	9.275447E-1	-7.304775E-1
7.600000E0	9.298728E-1	-7.312100E-1
7.700000E0	9.271636E-1	-7.315242E-1
7.800000E0	9.273775E-1	-7.317796E-1
7.900000E0	9.274967E-1	-7.320501E-1
8.000000E0	9.264288E-1	-7.338707E-1
8.100000E0	9.267728E-1	-7.338242E-1
8.200000E0	9.253097E-1	-7.328742E-1
8.300000E0	9.298164E-1	-7.314684E-1
8.400000E0	9.280103E-1	-7.279544E-1
8.500000E0	9.286833E-1	-7.246288E-1
8.600000E0	9.286967E-1	-7.222217E-1
8.700000E0	9.276803E-1	-7.225767E-1
8.800000E0	9.271788E-1	-7.241398E-1
8.900000E0	9.287291E-1	-7.244057E-1
9.000000E0	9.283845E-1	-7.240354E-1
9.100000E0	9.283428E-1	-7.259604E-1
9.200000E0	9.256852E-1	-7.244785E-1
9.300000E0	9.255540E-1	-7.247138E-1
9.400000E0	9.275439E-1	-7.227541E-1
9.500000E0	9.277361E-1	-7.230806E-1
9.600000E0	9.241240E-1	-7.230124E-1
9.700000E0	9.215548E-1	-7.254782E-1
9.800000E0	9.185016E-1	-7.267176E-1
9.900000E0	9.204806E-1	-7.267334E-1
1.000000E1	9.226331E-1	-7.264574E-1
1.010000E1	9.220973E-1	-7.254875E-1
1.020000E1	9.250963E-1	-7.298824E-1
1.030000E1	9.257353E-1	-7.276851E-1
1.040000E1	9.231117E-1	-7.281250E-1
1.050000E1	9.261699E-1	-7.282052E-1
1.060000E1	9.252520E-1	-7.298254E-1
1.070000E1	9.223215E-1	-7.280480E-1
1.080000E1	9.227131E-1	-7.268675E-1
1.090000E1	9.182723E-1	-7.256654E-1
1.100000E1	9.181330E-1	-7.263407E-1
1.110000E1	9.216379E-1	-7.250007E-1
1.120000E1	9.189040E-1	-7.219689E-1
1.130000E1	9.199258E-1	-7.223148E-1
1.140000E1	9.211919E-1	-7.219848E-1
1.150000E1	9.209335E-1	-7.190959E-1
1.160000E1	9.170587E-1	-7.209972E-1
1.170000E1	9.145108E-1	-7.211196E-1
1.180000E1	9.156694E-1	-7.215316E-1
1.190000E1	9.124755E-1	-7.235955E-1
1.200000E1	9.102593E-1	-7.276043E-1
1.210000E1	9.087233E-1	-7.265180E-1
1.220000E1	9.086610E-1	-7.262537E-1
1.230000E1	9.087032E-1	-7.247287E-1
1.240000E1	9.087187E-1	-7.263712E-1
1.250000E1	9.089976E-1	-7.268651E-1
1.260000E1	9.086329E-1	-7.277822E-1
1.270000E1	9.092968E-1	-7.275387E-1
1.280000E1	9.099707E-1	-7.274652E-1
1.290000E1	9.100584E-1	-7.263776E-1
1.300000E1	9.091115E-1	-7.279511E-1
1.310000E1	9.103519E-1	-7.280580E-1
1.320000E1	9.122969E-1	-7.274785E-1
1.330000E1	9.143823E-1	-7.262378E-1
1.340000E1	9.154413E-1	-7.229706E-1
1.350000E1	9.149179E-1	-7.235099E-1
1.360000E1	9.154127E-1	-7.217401E-1
1.370000E1	9.172684E-1	-7.217392E-1
1.380000E1	9.156146E-1	-7.213857E-1
1.390000E1	9.136653E-1	-7.211428E-1
1.400000E1	9.107434E-1	-7.216997E-1
1.410000E1	9.101643E-1	-7.215848E-1
1.420000E1	9.119837E-1	-7.215235E-1
1.430000E1	9.121019E-1	-7.249056E-1
1.440000E1	9.116461E-1	-7.222762E-1
1.450000E1	9.121516E-1	-7.209269E-1
1.460000E1	9.093456E-1	-7.211196E-1
1.470000E1	9.087959E-1	-7.205618E-1
1.480000E1	9.091925E-1	-7.212542E-1
1.490000E1	9.078165E-1	-7.230506E-1
1.500000E1	9.054892E-1	-7.220624E-1
1.510000E1	9.057824E-1	-7.254589E-1
1.520000E1	9.047491E-1	-7.250661E-1
1.530000E1	9.038400E-1	-7.236828E-1
1.540000E1	9.036363E-1	-7.232293E-1
1.550000E1	9.037030E-1	-7.208301E-1
1.560000E1	9.025298E-1	-7.190466E-1
1.570000E1	9.025737E-1	-7.182856E-1
1.580000E1	8.981861E-1	-7.203630E-1
1.590000E1	8.959777E-1	-7.189786E-1
1.600000E1	8.958854E-1	-7.190473E-1
1.610000E1	8.963782E-1	-7.191786E-1
1.620000E1	8.965121E-1	-7.201875E-1
1.630000E1	8.963819E-1	-7.213723E-1
1.640000E1	8.974240E-1	-7.230488E-1
1.650000E1	8.988153E-1	-7.262014E-1
1.660000E1	9.000657E-1	-7.262034E-1
1.670000E1	8.998932E-1	-7.294376E-1
1.680000E1	8.989616E-1	-7.322441E-1
1.690000E1	8.970980E-1	-7.329158E-1
1.700000E1	8.975600E-1	-7.326010E-1
1.710000E1	8.976812E-1	-7.323114E-1
1.720000E1	8.962410E-1	-7.290312E-1
1.730000E1	8.968010E-1	-7.312956E-1
1.740000E1	8.957141E-1	-7.320455E-1
1.750000E1	8.944278E-1	-7.326363E-1
1.760000E1	8.927809E-1	-7.327725E-1
1.770000E1	8.909673E-1	-7.331728E-1
1.780000E1	8.905940E-1	-7.290523E-1
1.790000E1	8.890225E-1	-7.304441E-1
1.800000E1	8.860420E-1	-7.326987E-1
1.810000E1	8.839138E-1	-7.290348E-1
1.820000E1	8.801649E-1	-7.276449E-1
1.830000E1	8.773393E-1	-7.249277E-1
1.840000E1	8.768653E-1	-7.228949E-1
1.850000E1	8.761856E-1	-7.229977E-1
1.860000E1	8.741091E-1	-7.237869E-1
1.870000E1	8.759786E-1	-7.260133E-1
1.880000E1	8.740506E-1	-7.253110E-1
1.890000E1	8.737995E-1	-7.250232E-1
1.900000E1	8.720324E-1	-7.241304E-1
1.910000E1	8.712411E-1	-7.250506E-1
1.920000E1	8.682166E-1	-7.212158E-1
1.930000E1	8.665074E-1	-7.195999E-1
1.940000E1	8.663953E-1	-7.236658E-1
1.950000E1	8.662179E-1	-7.268269E-1
1.960000E1	8.666159E-1	-7.283758E-1
1.970000E1	8.683997E-1	-7.286830E-1
1.980000E1	8.673733E-1	-7.297802E-1
1.990000E1	8.683290E-1	-7.297525E-1
2.000000E1	8.673331E-1	-7.283651E-1
2.010000E1	8.667528E-1	-7.256592E-1
2.020000E1	8.648940E-1	-7.289721E-1
2.030000E1	8.632082E-1	-7.272008E-1
2.040000E1	8.626826E-1	-7.284876E-1
2.050000E1	8.596897E-1	-7.268076E-1
2.060000E1	8.605602E-1	-7.274764E-1
2.070000E1	8.586469E-1	-7.271433E-1
2.080000E1	8.548234E-1	-7.286666E-1
2.090000E1	8.576959E-1	-7.272690E-1
2.100000E1	8.602069E-1	-7.273198E-1
2.110000E1	8.596543E-1	-7.282900E-1
2.120000E1	8.584893E-1	-7.291565E-1
2.130000E1	8.594460E-1	-7.328284E-1
2.140000E1	8.586770E-1	-7.354086E-1
2.150000E1	8.570380E-1	-7.363386E-1
2.160000E1	8.585281E-1	-7.360873E-1
2.170000E1	8.589048E-1	-7.361862E-1
2.180000E1	8.599950E-1	-7.369409E-1
2.190000E1	8.578704E-1	-7.393871E-1
2.200000E1	8.550066E-1	-7.391208E-1
2.210000E1	8.547937E-1	-7.399951E-1
2.220000E1	8.567938E-1	-7.431128E-1
2.230000E1	8.573521E-1	-7.425669E-1
2.240000E1	8.566973E-1	-7.396338E-1
2.250000E1	8.561467E-1	-7.404904E-1
2.260000E1	8.571521E-1	-7.384143E-1
2.270000E1	8.591942E-1	-7.423329E-1
2.280000E1	8.589432E-1	-7.415687E-1
2.290000E1	8.610393E-1	-7.408038E-1
2.300000E1	8.595098E-1	-7.381641E-1
2.310000E1	8.595142E-1	-7.408310E-1
2.320000E1	8.645420E-1	-7.385941E-1
2.330000E1	8.644106E-1	-7.387587E-1
2.340000E1	8.653529E-1	-7.372927E-1
2.350000E1	8.679658E-1	-7.357632E-1
2.360000E1	8.707869E-1	-7.367178E-1
2.370000E1	8.717609E-1	-7.325657E-1
2.380000E1	8.733418E-1	-7.313070E-1
2.390000E1	8.734211E-1	-7.312445E-1
2.400000E1	8.748513E-1	-7.310052E-1
2.410000E1	8.729210E-1	-7.296357E-1
2.420000E1	8.729999E-1	-7.293268E-1
2.430000E1	8.753561E-1	-7.305328E-1
2.440000E1	8.772482E-1	-7.226513E-1
2.450000E1	8.775634E-1	-7.190310E-1
2.460000E1	8.773116E-1	-7.201355E-1
2.470000E1	8.751606E-1	-7.216410E-1
2.480000E1	8.764216E-1	-7.208771E-1
2.490000E1	8.766188E-1	-7.188630E-1
2.500000E1	8.734515E-1	-7.208106E-1
2.510000E1	8.729026E-1	-7.238603E-1
2.520000E1	8.722265E-1	-7.226056E-1
2.530000E1	8.718294E-1	-7.211938E-1
2.540000E1	8.729171E-1	-7.220742E-1
2.550000E1	8.751662E-1	-7.192612E-1
2.560000E1	8.720406E-1	-7.206236E-1
2.570000E1	8.714248E-1	-7.201082E-1
2.580000E1	8.721311E-1	-7.195593E-1
2.590000E1	8.728903E-1	-7.178576E-1
2.600000E1	8.738559E-1	-7.187432E-1
2.610000E1	8.750842E-1	-7.183049E-1
2.620000E1	8.730862E-1	-7.214654E-1
2.630000E1	8.731231E-1	-7.188097E-1
2.640000E1	8.706182E-1	-7.167463E-1
2.650000E1	8.755804E-1	-7.164851E-1
2.660000E1	8.750504E-1	-7.138838E-1
2.670000E1	8.741328E-1	-7.149215E-1
2.680000E1	8.722782E-1	-7.136001E-1
2.690000E1	8.714181E-1	-7.153597E-1
2.700000E1	8.730200E-1	-7.129739E-1
2.710000E1	8.741894E-1	-7.126947E-1
2.720000E1	8.749790E-1	-7.133782E-1
2.730000E1	8.752185E-1	-7.127703E-1
2.740000E1	8.758670E-1	-7.124758E-1
2.750000E1	8.739377E-1	-7.079375E-1
2.760000E1	8.737923E-1	-7.074139E-1
2.770000E1	8.760766E-1	-7.096109E-1
2.780000E1	8.780972E-1	-7.074211E-1
2.790000E1	8.795190E-1	-7.084901E-1
2.800000E1	8.835684E-1	-7.073431E-1
2.810000E1	8.841025E-1	-7.010227E-1
2.820000E1	8.870953E-1	-6.986663E-1
2.830000E1	8.869876E-1	-6.957106E-1
2.840000E1	8.836974E-1	-6.966026E-1
2.850000E1	8.839004E-1	-6.935850E-1
2.860000E1	8.805271E-1	-6.943673E-1
2.870000E1	8.784820E-1	-6.930077E-1
2.880000E1	8.780724E-1	-6.932716E-1
2.890000E1	8.735297E-1	-6.936701E-1
2.900000E1	8.761604E-1	-6.914574E-1
2.910000E1	8.757759E-1	-6.929160E-1
2.920000E1	8.741672E-1	-6.910560E-1
2.930000E1	8.721537E-1	-6.926446E-1
2.940000E1	8.686933E-1	-6.935241E-1
2.950000E1	8.672842E-1	-6.920581E-1
2.960000E1	8.666046E-1	-6.939781E-1
2.970000E1	8.652424E-1	-6.976492E-1
2.980000E1	8.634060E-1	-6.982605E-1
2.990000E1	8.610292E-1	-7.001381E-1
3.000000E1	8.618720E-1	-6.980809E-1
3.010000E1	8.623719E-1	-6.971175E-1
3.020000E1	8.627915E-1	-6.976114E-1
3.030000E1	8.616343E-1	-6.998497E-1
3.040000E1	8.606889E-1	-7.005800E-1
3.050000E1	8.608407E-1	-7.005930E-1
3.060000E1	8.619083E-1	-6.992787E-1
3.070000E1	8.593842E-1	-7.014254E-1
3.080000E1	8.584746E-1	-7.026095E-1
3.090000E1	8.605415E-1	-7.021702E-1
3.100000E1	8.624928E-1	-7.016388E-1
3.110000E1	8.605941E-1	-7.041045E-1
3.120000E1	8.607187E-1	-7.035673E-1
3.130000E1	8.591948E-1	-7.036737E-1
3.140000E1	8.577888E-1	-7.024130E-1
3.150000E1	8.577319E-1	-7.029389E-1
3.160000E1	8.553919E-1	-7.037449E-1
3.170000E1	8.541160E-1	-7.040820E-1
3.180000E1	8.518628E-1	-7.067040E-1
3.190000E1	8.504121E-1	-7.084854E-1
3.200000E1	8.571150E-1	-7.114547E-1
3.210000E1	8.554485E-1	-7.117347E-1
3.220000E1	8.549528E-1	-7.100834E-1
3.230000E1	8.540018E-1	-7.105434E-1
3.240000E1	8.547377E-1	-7.078942E-1
3.250000E1	8.539330E-1	-7.096105E-1
3.260000E1	8.529125E-1	-7.100073E-1
3.270000E1	8.534309E-1	-7.112318E-1
3.280000E1	8.542880E-1	-7.107274E-1
3.290000E1	8.513756E-1	-7.095774E-1
3.300000E1	8.534894E-1	-7.097671E-1
3.310000E1	8.583356E-1	-7.107158E-1
3.320000E1	8.599132E-1	-7.093340E-1
3.330000E1	8.615472E-1	-7.082460E-1
3.340000E1	8.618241E-1	-7.087100E-1
3.350000E1	8.601648E-1	-7.093196E-1
3.360000E1	8.599429E-1	-7.091724E-1
3.370000E1	8.606537E-1	-7.090389E-1
3.380000E1	8.644129E-1	-7.101845E-1
3.390000E1	8.658814E-1	-7.095200E-1
3.400000E1	8.675383E-1	-7.103475E-1
3.410000E1	8.655082E-1	-7.065405E-1
3.420000E1	8.674767E-1	-7.066812E-1
3.430000E1	8.702138E-1	-7.065416E-1
3.440000E1	8.669399E-1	-7.064079E-1
3.450000E1	8.695446E-1	-7.078927E-1
3.460000E1	8.668696E-1	-7.076690E-1
3.470000E1	8.649951E-1	-7.077302E-1
3.480000E1	8.637597E-1	-7.051552E-1
3.490000E1	8.642421E-1	-7.058752E-1
3.500000E1	8.661283E-1	-7.049355E-1
3.510000E1	8.637140E-1	-7.064592E-1
3.520000E1	8.630279E-1	-7.039274E-1
3.530000E1	8.617773E-1	-7.034830E-1
3.540000E1	8.596252E-1	-7.053129E-1
3.550000E1	8.611839E-1	-7.077460E-1
3.560000E1	8.612162E-1	-7.088363E-1
3.570000E1	8.604552E-1	-7.096228E-1
3.580000E1	8.571871E-1	-7.093401E-1
3.590000E1	8.594654E-1	-7.094175E-1
3.600000E1	8.591523E-1	-7.120924E-1
3.610000E1	8.589422E-1	-7.137832E-1
3.620000E1	8.612771E-1	-7.167574E-1
3.630000E1	8.650046E-1	-7.173876E-1
3.640000E1	8.600875E-1	-7.195386E-1
3.650000E1	8.574791E-1	-7.180414E-1
3.660000E1	8.587176E-1	-7.149475E-1
3.670000E1	8.598057E-1	-7.150045E-1
3.680000E1	8.599835E-1	-7.138035E-1
3.690000E1	8.596753E-1	-7.107126E-1
3.700000E1	8.642309E-1	-7.095679E-1
3.710000E1	8.649069E-1	-7.063647E-1
3.720000E1	8.662969E-1	-7.089602E-1
3.730000E1	8.676740E-1	-7.060303E-1
3.740000E1	8.658945E-1	-7.062256E-1
3.750000E1	8.683644E-1	-7.072364E-1
3.760000E1	8.695235E-1	-7.111367E-1
3.770000E1	8.697527E-1	-7.099982E-1
3.780000E1	8.688736E-1	-7.105277E-1
3.790000E1	8.698284E-1	-7.099869E-1
3.800000E1	8.733709E-1	-7.103023E-1
3.810000E1	8.752962E-1	-7.115010E-1
3.820000E1	8.766071E-1	-7.066566E-1
3.830000E1	8.774593E-1	-7.053622E-1
3.840000E1	8.763933E-1	-7.051634E-1
3.850000E1	8.767211E-1	-7.070987E-1
3.860000E1	8.764168E-1	-7.050572E-1
3.870000E1	8.782321E-1	-7.038806E-1
3.880000E1	8.801278E-1	-7.033984E-1
3.890000E1	8.793966E-1	-7.057023E-1
3.900000E1	8.782648E-1	-7.069744E-1
3.910000E1	8.803874E-1	-7.077194E-1
3.920000E1	8.794950E-1	-7.089375E-1
3.930000E1	8.768210E-1	-7.114281E-1
3.940000E1	8.764282E-1	-7.118828E-1
3.950000E1	8.769296E-1	-7.101479E-1
3.960000E1	8.757882E-1	-7.115613E-1
3.970000E1	8.715390E-1	-7.095106E-1
3.980000E1	8.743846E-1	-7.080532E-1
3.990000E1	8.758863E-1	-7.062796E-1
4.000000E1	8.760116E-1	-7.042679E-1
4.010000E1	8.756436E-1	-7.033610E-1
4.020000E1	8.780149E-1	-7.040767E-1
4.030000E1	8.787916E-1	-7.023533E-1
4.040000E1	8.810523E-1	-7.028596E-1
4.050000E1	8.806364E-1	-7.014646E-1
4.060000E1	8.812058E-1	-7.032002E-1
4.070000E1	8.820810E-1	-7.032786E-1
4.080000E1	8.820846E-1	-7.029274E-1
4.090000E1	8.830661E-1	-7.028143E-1
4.100000E1	8.832554E-1	-7.030505E-1
4.110000E1	8.833000E-1	-7.044510E-1
4.120000E1	8.839181E-1	-7.067529E-1
4.130000E1	8.799319E-1	-7.060315E-1
4.140000E1	8.781050E-1	-7.039148E-1
4.150000E1	8.783683E-1	-7.020442E-1
4.160000E1	8.782947E-1	-7.032915E-1
4.170000E1	8.789534E-1	-7.068789E-1
4.180000E1	8.805083E-1	-7.046784E-1
4.190000E1	8.805047E-1	-7.035633E-1
4.200000E1	8.802349E-1	-7.049202E-1
4.210000E1	8.809136E-1	-7.065307E-1
4.220000E1	8.826433E-1	-7.049778E-1
4.230000E1	8.828211E-1	-7.048558E-1
4.240000E1	8.846713E-1	-7.044409E-1
4.250000E1	8.863904E-1	-7.038905E-1
4.260000E1	8.889666E-1	-7.046360E-1
4.270000E1	8.896453E-1	-7.024216E-1
4.280000E1	8.871734E-1	-7.045222E-1
4.290000E1	8.896139E-1	-7.018364E-1
4.300000E1	8.899626E-1	-7.009774E-1
4.310000E1	8.901149E-1	-7.005392E-1
4.320000E1	8.914631E-1	-6.992610E-1
4.330000E1	8.902668E-1	-7.009710E-1
4.340000E1	8.900643E-1	-7.041373E-1
4.350000E1	8.900454E-1	-7.019522E-1
4.360000E1	8.904619E-1	-7.044678E-1
4.370000E1	8.899127E-1	-7.002606E-1
4.380000E1	8.889513E-1	-7.017538E-1
4.390000E1	8.914234E-1	-7.027415E-1
4.400000E1	8.915972E-1	-7.022909E-1
4.410000E1	8.916072E-1	-6.980151E-1
4.420000E1	8.931546E-1	-6.980654E-1
4.430000E1	8.953341E-1	-6.994750E-1
4.440000E1	8.979560E-1	-6.977773E-1
4.450000E1	8.991677E-1	-6.945941E-1
4.460000E1	9.016758E-1	-6.956661E-1
4.470000E1	9.025775E-1	-6.918158E-1
4.480000E1	9.032865E-1	-6.890382E-1
4.490000E1	8.997275E-1	-6.891094E-1
4.500000E1	8.980801E-1	-6.877689E-1
4.510000E1	8.994938E-1	-6.878150E-1
4.520000E1	8.982615E-1	-6.883116E-1
4.530000E1	8.973088E-1	-6.901467E-1
4.540000E1	8.959033E-1	-6.917585E-1
4.550000E1	8.945659E-1	-6.940962E-1
4.560000E1	8.954582E-1	-6.952894E-1
4.570000E1	8.978073E-1	-6.926085E-1
4.580000E1	8.978708E-1	-6.898440E-1
4.590000E1	8.979750E-1	-6.881421E-1
4.600000E1	8.965722E-1	-6.906034E-1
4.610000E1	8.975102E-1	-6.880866E-1
4.620000E1	8.971288E-1	-6.879033E-1
4.630000E1	8.993801E-1	-6.873157E-1
4.640000E1	8.979033E-1	-6.885388E-1
4.650000E1	8.983357E-1	-6.895307E-1
4.660000E1	8.975245E-1	-6.881082E-1
4.670000E1	8.981206E-1	-6.931546E-1
4.680000E1	9.018421E-1	-6.939156E-1
4.690000E1	8.992006E-1	-6.901036E-1
4.700000E1	8.992220E-1	-6.882332E-1
4.710000E1	8.978092E-1	-6.883624E-1
4.720000E1	8.993959E-1	-6.882896E-1
4.730000E1	8.995982E-1	-6.895168E-1
4.740000E1	9.028020E-1	-6.861206E-1
4.750000E1	9.035713E-1	-6.855227E-1
4.760000E1	9.021027E-1	-6.864076E-1
4.770000E1	9.016428E-1	-6.863299E-1
4.780000E1	9.004804E-1	-6.869512E-1
4.790000E1	8.980607E-1	-6.847058E-1
4.800000E1	8.990392E-1	-6.850861E-1
4.810000E1	9.012711E-1	-6.869650E-1
4.820000E1	8.996344E-1	-6.863035E-1
4.830000E1	8.986712E-1	-6.858615E-1
4.840000E1	8.980115E-1	-6.870329E-1
4.850000E1	8.973625E-1	-6.845255E-1
4.860000E1	8.977312E-1	-6.815211E-1
4.870000E1	8.982800E-1	-6.862373E-1
4.880000E1	9.017690E-1	-6.860593E-1
4.890000E1	9.025038E-1	-6.882222E-1
4.900000E1	8.989751E-1	-6.864326E-1
4.910000E1	8.992798E-1	-6.867405E-1
4.920000E1	8.959075E-1	-6.880942E-1
4.930000E1	8.954011E-1	-6.881571E-1
4.940000E1	8.940647E-1	-6.902689E-1
4.950000E1	8.944082E-1	-6.903636E-1
4.960000E1	8.924278E-1	-6.913376E-1
4.970000E1	8.939019E-1	-6.936338E-1
4.980000E1	8.943313E-1	-6.916002E-1
4.990000E1	8.924978E-1	-6.929999E-1
5.000000E1	8.891351E-1	-6.942433E-1
5.010000E1	8.897635E-1	-6.923158E-1
5.020000E1	8.895129E-1	-6.907975E-1
5.030000E1	8.917735E-1	-6.936569E-1
5.040000E1	8.918342E-1	-6.895662E-1
5.050000E1	8.943157E-1	-6.934446E-1
5.060000E1	8.910699E-1	-6.918928E-1
5.070000E1	8.908290E-1	-6.920914E-1
5.080000E1	8.910662E-1	-6.902636E-1
5.090000E1	8.921246E-1	-6.893270E-1
5.100000E1	8.908223E-1	-6.900215E-1
5.110000E1	8.920180E-1	-6.892095E-1
5.120000E1	8.935105E-1	-6.863781E-1
5.130000E1	8.949649E-1	-6.845984E-1
5.140000E1	8.969292E-1	-6.873038E-1
5.150000E1	8.989979E-1	-6.859275E-1
5.160000E1	8.993480E-1	-6.864578E-1
5.170000E1	8.993107E-1	-6.846290E-1
5.180000E1	8.984794E-1	-6.856194E-1
5.190000E1	8.996530E-1	-6.863404E-1
5.200000E1	9.000654E-1	-6.867022E-1
5.210000E1	9.002899E-1	-6.839000E-1
5.220000E1	8.998113E-1	-6.841677E-1
5.230000E1	9.018804E-1	-6.845516E-1
5.240000E1	9.030551E-1	-6.871381E-1
5.250000E1	9.033783E-1	-6.870807E-1
5.260000E1	9.017783E-1	-6.874532E-1
5.270000E1	9.015381E-1	-6.884396E-1
5.280000E1	9.026580E-1	-6.910044E-1
5.290000E1	9.016288E-1	-6.894622E-1
5.300000E1	9.038779E-1	-6.894825E-1
5.310000E1	9.041423E-1	-6.882241E-1
5.320000E1	9.054199E-1	-6.883014E-1
5.330000E1	9.063125E-1	-6.901077E-1
5.340000E1	9.060399E-1	-6.909559E-1
5.350000E1	9.064070E-1	-6.928564E-1
5.360000E1	9.038409E-1	-6.914579E-1
5.370000E1	9.058967E-1	-6.911608E-1
5.380000E1	9.126432E-1	-6.897280E-1
5.390000E1	9.093023E-1	-6.921939E-1
5.400000E1	9.116885E-1	-6.895106E-1
5.410000E1	9.147811E-1	-6.889536E-1
5.420000E1	9.168437E-1	-6.895416E-1
5.430000E1	9.235202E-1	-6.901649E-1
5.440000E1	9.229892E-1	-6.880417E-1
5.450000E1	9.269199E-1	-6.891623E-1
5.460000E1	9.284568E-1	-6.887201E-1
5.470000E1	9.301408E-1	-6.884408E-1
5.480000E1	9.295914E-1	-6.899695E-1
5.490000E1	9.286886E-1	-6.920194E-1
5.500000E1	9.303505E-1	-6.931135E-1
5.510000E1	9.281080E-1	-6.935705E-1
5.520000E1	9.275621E-1	-6.944781E-1
5.530000E1	9.283634E-1	-6.934960E-1
5.540000E1	9.300034E-1	-6.947724E-1
5.550000E1	9.329309E-1	-6.960401E-1
5.560000E1	9.352685E-1	-6.966055E-1
5.570000E1	9.353024E-1	-6.997849E-1
5.580000E1	9.361587E-1	-6.979933E-1
5.590000E1	9.342566E-1	-6.987818E-1
5.600000E1	9.347055E-1	-6.976462E-1
5.610000E1	9.354552E-1	-6.978416E-1
5.620000E1	9.341679E-1	-6.990497E-1
5.630000E1	9.355399E-1	-7.001821E-1
5.640000E1	9.354444E-1	-6.978691E-1
5.650000E1	9.387238E-1	-6.974413E-1
5.660000E1	9.386970E-1	-6.968839E-1
5.670000E1	9.362376E-1	-6.948345E-1
5.680000E1	9.356119E-1	-6.968529E-1
5.690000E1	9.375580E-1	-6.934548E-1
5.700000E1	9.379153E-1	-6.901600E-1
5.710000E1	9.367304E-1	-6.886362E-1
5.720000E1	9.380369E-1	-6.905111E-1
5.730000E1	9.363305E-1	-6.921893E-1
5.740000E1	9.367396E-1	-6.913271E-1
5.750000E1	9.365029E-1	-6.925777E-1
5.760000E1	9.353407E-1	-6.916008E-1
5.770000E1	9.322760E-1	-6.925530E-1
5.780000E1	9.302042E-1	-6.913846E-1
5.790000E1	9.299587E-1	-6.901347E-1
5.800000E1	9.324454E-1	-6.889147E-1
5.810000E1	9.327790E-1	-6.876798E-1
5.820000E1	9.328266E-1	-6.872137E-1
5.830000E1	9.331707E-1	-6.909969E-1
5.840000E1	9.350575E-1	-6.919514E-1
5.850000E1	9.370626E-1	-6.913262E-1
5.860000E1	9.357319E-1	-6.905773E-1
5.870000E1	9.367394E-1	-6.906687E-1
5.880000E1	9.389530E-1	-6.887466E-1
5.890000E1	9.352901E-1	-6.875970E-1
5.900000E1	9.324443E-1	-6.862439E-1
5.910000E1	9.313688E-1	-6.865270E-1
5.920000E1	9.317844E-1	-6.877065E-1
5.930000E1	9.290559E-1	-6.885547E-1
5.940000E1	9.288092E-1	-6.892678E-1
5.950000E1	9.295699E-1	-6.904160E-1
5.960000E1	9.304490E-1	-6.898884E-1
5.970000E1	9.319860E-1	-6.888176E-1
5.980000E1	9.293542E-1	-6.909239E-1
5.990000E1	9.300436E-1	-6.918363E-1
6.000000E1	9.281704E-1	-6.902477E-1
6.010000E1	9.269437E-1	-6.896916E-1
6.020000E1	9.274172E-1	-6.914513E-1
6.030000E1	9.268467E-1	-6.897150E-1
6.040000E1	9.289018E-1	-6.855227E-1
6.050000E1	9.271512E-1	-6.890958E-1
6.060000E1	9.272468E-1	-6.895972E-1
6.070000E1	9.283482E-1	-6.889226E-1
6.080000E1	9.268705E-1	-6.883196E-1
6.090000E1	9.285509E-1	-6.874112E-1
6.100000E1	9.246263E-1	-6.873655E-1
6.110000E1	9.257205E-1	-6.888660E-1
6.120000E1	9.260926E-1	-6.898096E-1
6.130000E1	9.238940E-1	-6.911731E-1
6.140000E1	9.239297E-1	-6.894404E-1
6.150000E1	9.220120E-1	-6.902337E-1
6.160000E1	9.242668E-1	-6.888045E-1
6.170000E1	9.236857E-1	-6.887612E-1
6.180000E1	9.248338E-1	-6.900600E-1
6.190000E1	9.228600E-1	-6.927340E-1
6.200000E1	9.224072E-1	-6.943992E-1
6.210000E1	9.227386E-1	-6.930115E-1
6.220000E1	9.249520E-1	-6.914401E-1
6.230000E1	9.264730E-1	-6.892709E-1
6.240000E1	9.272436E-1	-6.877627E-1
6.250000E1	9.299585E-1	-6.893144E-1
6.260000E1	9.297199E-1	-6.866580E-1
6.270000E1	9.303882E-1	-6.839416E-1
6.280000E1	9.310770E-1	-6.865688E-1
6.290000E1	9.315448E-1	-6.883201E-1
6.300000E1	9.308383E-1	-6.890215E-1
6.310000E1	9.330980E-1	-6.882513E-1
6.320000E1	9.330148E-1	-6.923083E-1
6.330000E1	9.355442E-1	-6.933272E-1
6.340000E1	9.367819E-1	-6.938220E-1
6.350000E1	9.362151E-1	-6.921564E-1
6.360000E1	9.337467E-1	-6.900256E-1
6.370000E1	9.324441E-1	-6.897745E-1
6.380000E1	9.344127E-1	-6.895383E-1
6.390000E1	9.330001E-1	-6.875331E-1
6.400000E1	9.351288E-1	-6.878548E-1
6.410000E1	9.354426E-1	-6.869894E-1
6.420000E1	9.323503E-1	-6.859682E-1
6.430000E1	9.313315E-1	-6.851156E-1
6.440000E1	9.301927E-1	-6.860654E-1
6.450000E1	9.314240E-1	-6.902773E-1
6.460000E1	9.324332E-1	-6.886408E-1
6.470000E1	9.324641E-1	-6.892163E-1
6.480000E1	9.310160E-1	-6.886176E-1
6.490000E1	9.326329E-1	-6.853575E-1
6.500000E1	9.292275E-1	-6.859010E-1
6.510000E1	9.287145E-1	-6.859212E-1
6.520000E1	9.279781E-1	-6.843678E-1
6.530000E1	9.273919E-1	-6.849930E-1
6.540000E1	9.264186E-1	-6.847775E-1
6.550000E1	9.248323E-1	-6.837053E-1
6.560000E1	9.237622E-1	-6.829280E-1
6.570000E1	9.203528E-1	-6.840920E-1
6.580000E1	9.214931E-1	-6.843971E-1
6.590000E1	9.203386E-1	-6.851955E-1
6.600000E1	9.227350E-1	-6.871270E-1
6.610000E1	9.225163E-1	-6.863123E-1
6.620000E1	9.239064E-1	-6.873432E-1
6.630000E1	9.216136E-1	-6.901793E-1
6.640000E1	9.228621E-1	-6.872519E-1
6.650000E1	9.256926E-1	-6.869075E-1
6.660000E1	9.249039E-1	-6.855600E-1
6.670000E1	9.252990E-1	-6.873962E-1
6.680000E1	9.243399E-1	-6.895441E-1
6.690000E1	9.235909E-1	-6.908537E-1
6.700000E1	9.210212E-1	-6.897525E-1
6.710000E1	9.162080E-1	-6.907674E-1
6.720000E1	9.156700E-1	-6.925835E-1
6.730000E1	9.148826E-1	-6.937004E-1
6.740000E1	9.127950E-1	-6.943238E-1
6.750000E1	9.132388E-1	-6.946252E-1
6.760000E1	9.156780E-1	-6.960130E-1
6.770000E1	9.176837E-1	-6.991607E-1
6.780000E1	9.185799E-1	-6.995333E-1
6.790000E1	9.190218E-1	-6.996829E-1
6.800000E1	9.197405E-1	-7.028466E-1
6.810000E1	9.196416E-1	-7.022411E-1
6.820000E1	9.196390E-1	-7.010368E-1
6.830000E1	9.205638E-1	-7.024837E-1
6.840000E1	9.223672E-1	-7.048450E-1
6.850000E1	9.217417E-1	-7.041445E-1
6.860000E1	9.204763E-1	-7.044086E-1
6.870000E1	9.157723E-1	-7.011411E-1
6.880000E1	9.177309E-1	-6.989236E-1
6.890000E1	9.194972E-1	-6.996569E-1
6.900000E1	9.216429E-1	-7.011523E-1
6.910000E1	9.232472E-1	-7.046263E-1
6.920000E1	9.222640E-1	-7.056090E-1
6.930000E1	9.223322E-1	-7.087121E-1
6.940000E1	9.225827E-1	-7.077747E-1
6.950000E1	9.224413E-1	-7.111876E-1
6.960000E1	9.227270E-1	-7.103107E-1
6.970000E1	9.231762E-1	-7.099079E-1
6.980000E1	9.245177E-1	-7.131706E-1
6.990000E1	9.245245E-1	-7.112517E-1
7.000000E1	9.245334E-1	-7.135709E-1
7.010000E1	9.243719E-1	-7.121349E-1
7.020000E1	9.243624E-1	-7.107507E-1
7.030000E1	9.233436E-1	-7.108137E-1
7.040000E1	9.237424E-1	-7.101529E-1
7.050000E1	9.236392E-1	-7.088027E-1
7.060000E1	9.233190E-1	-7.079231E-1
7.070000E1	9.214195E-1	-7.066671E-1
7.080000E1	9.231706E-1	-7.063037E-1
7.090000E1	9.250916E-1	-7.083920E-1
7.100000E1	9.238510E-1	-7.083477E-1
7.110000E1	9.206691E-1	-7.095410E-1
7.120000E1	9.233479E-1	-7.083255E-1
7.130000E1	9.233754E-1	-7.063000E-1
7.140000E1	9.206493E-1	-7.079723E-1
7.150000E1	9.226913E-1	-7.082217E-1
7.160000E1	9.238415E-1	-7.075968E-1
7.170000E1	9.244091E-1	-7.090335E-1
7.180000E1	9.237096E-1	-7.089740E-1
7.190000E1	9.240298E-1	-7.068221E-1
7.200000E1	9.251377E-1	-7.054217E-1
7.210000E1	9.233163E-1	-7.047289E-1
7.220000E1	9.211091E-1	-7.059077E-1
7.230000E1	9.196439E-1	-7.066117E-1
7.240000E1	9.212832E-1	-7.057383E-1
7.250000E1	9.266710E-1	-7.037352E-1
7.260000E1	9.250718E-1	-7.018949E-1
7.270000E1	9.253017E-1	-6.991635E-1
7.280000E1	9.255414E-1	-6.963993E-1
7.290000E1	9.254908E-1	-6.969622E-1
7.300000E1	9.262567E-1	-6.952925E-1
7.310000E1	9.256480E-1	-6.956465E-1
7.320000E1	9.248960E-1	-6.962937E-1
7.330000E1	9.202864E-1	-6.954394E-1
7.340000E1	9.205037E-1	-6.939106E-1
7.350000E1	9.199170E-1	-6.978134E-1
7.360000E1	9.216162E-1	-6.988430E-1
7.370000E1	9.218959E-1	-7.013389E-1
7.380000E1	9.205029E-1	-7.006976E-1
7.390000E1	9.216305E-1	-7.002724E-1
7.400000E1	9.230997E-1	-7.003495E-1
7.410000E1	9.220681E-1	-7.015901E-1
7.420000E1	9.234882E-1	-7.033907E-1
7.430000E1	9.235987E-1	-7.041211E-1
7.440000E1	9.226945E-1	-7.040156E-1
7.450000E1	9.226146E-1	-7.027280E-1
7.460000E1	9.201225E-1	-7.043830E-1
7.470000E1	9.225737E-1	-7.041070E-1
7.480000E1	9.255661E-1	-7.028927E-1
7.490000E1	9.264373E-1	-7.023895E-1
7.500000E1	9.263843E-1	-7.017126E-1
7.510000E1	9.281943E-1	-7.015767E-1
7.520000E1	9.306252E-1	-7.027330E-1
7.530000E1	9.287005E-1	-7.009768E-1
7.540000E1	9.286036E-1	-7.016498E-1
7.550000E1	9.301258E-1	-7.007735E-1
7.560000E1	9.310560E-1	-7.025964E-1
7.570000E1	9.325169E-1	-7.062477E-1
7.580000E1	9.349394E-1	-7.056054E-1
7.590000E1	9.363391E-1	-7.075673E-1
7.600000E1	9.354801E-1	-7.083823E-1
7.610000E1	9.343045E-1	-7.082380E-1
7.620000E1	9.328761E-1	-7.065228E-1
7.630000E1	9.321947E-1	-7.078406E-1
7.640000E1	9.299016E-1	-7.092963E-1
7.650000E1	9.277427E-1	-7.091914E-1
7.660000E1	9.259654E-1	-7.069012E-1
7.670000E1	9.266968E-1	-7.060511E-1
7.680000E1	9.280535E-1	-7.066307E-1
7.690000E1	9.273304E-1	-7.068332E-1
7.700000E1	9.288357E-1	-7.059715E-1
7.710000E1	9.291550E-1	-7.072879E-1
7.720000E1	9.303179E-1	-7.096477E-1
7.730000E1	9.283629E-1	-7.143377E-1
7.740000E1	9.281128E-1	-7.118887E-1
7.750000E1	9.286034E-1	-7.143693E-1
7.760000E1	9.288825E-1	-7.137240E-1
7.770000E1	9.297979E-1	-7.128190E-1
7.780000E1	9.290117E-1	-7.121685E-1
7.790000E1	9.290458E-1	-7.121536E-1
7.800000E1	9.294831E-1	-7.124368E-1
7.810000E1	9.301749E-1	-7.139479E-1
7.820000E1	9.291924E-1	-7.129400E-1
7.830000E1	9.292575E-1	-7.136986E-1
7.840000E1	9.306028E-1	-7.116787E-1
7.850000E1	9.297805E-1	-7.104829E-1
7.860000E1	9.281609E-1	-7.119581E-1
7.870000E1	9.285736E-1	-7.127573E-1
7.880000E1	9.288047E-1	-7.126231E-1
7.890000E1	9.305207E-1	-7.145922E-1
7.900000E1	9.282009E-1	-7.195479E-1
7.910000E1	9.263176E-1	-7.232892E-1
7.920000E1	9.288614E-1	-7.236064E-1
7.930000E1	9.280114E-1	-7.229074E-1
7.940000E1	9.281134E-1	-7.232803E-1
7.950000E1	9.270101E-1	-7.203021E-1
7.960000E1	9.280299E-1	-7.215225E-1
7.970000E1	9.287078E-1	-7.176642E-1
7.980000E1	9.253850E-1	-7.183243E-1
7.990000E1	9.279443E-1	-7.184699E-1
8.000000E1	9.285365E-1	-7.181077E-1
8.010000E1	9.280164E-1	-7.198474E-1
8.020000E1	9.288025E-1	-7.170823E-1
8.030000E1	9.278758E-1	-7.174597E-1
8.040000E1	9.265934E-1	-7.180836E-1
8.050000E1	9.267570E-1	-7.196450E-1
8.060000E1	9.270073E-1	-7.186598E-1
8.070000E1	9.258664E-1	-7.205664E-1
8.080000E1	9.250464E-1	-7.193051E-1
8.090000E1	9.273215E-1	-7.204457E-1
8.100000E1	9.280296E-1	-7.205963E-1
8.110000E1	9.303719E-1	-7.200788E-1
8.120000E1	9.298795E-1	-7.194554E-1
8.130000E1	9.280052E-1	-7.232171E-1
8.140000E1	9.286546E-1	-7.264437E-1
8.150000E1	9.278473E-1	-7.266225E-1
8.160000E1	9.278112E-1	-7.264661E-1
8.170000E1	9.293618E-1	-7.245606E-1
8.180000E1	9.277552E-1	-7.242069E-1
8.190000E1	9.264721E-1	-7.243677E-1
8.200000E1	9.285944E-1	-7.244705E-1
8.210000E1	9.282746E-1	-7.230422E-1
8.220000E1	9.284984E-1	-7.204952E-1
8.230000E1	9.276781E-1	-7.208929E-1
8.240000E1	9.297177E-1	-7.235081E-1
8.250000E1	9.301087E-1	-7.234938E-1
8.260000E1	9.290212E-1	-7.223008E-1
8.270000E1	9.284694E-1	-7.229461E-1
8.280000E1	9.283660E-1	-7.220034E-1
8.290000E1	9.273100E-1	-7.225974E-1
8.300000E1	9.273932E-1	-7.228308E-1
8.310000E1	9.276968E-1	-7.197860E-1
8.320000E1	9.251445E-1	-7.200031E-1
8.330000E1	9.251779E-1	-7.212785E-1
8.340000E1	9.228826E-1	-7.186486E-1
8.350000E1	9.218377E-1	-7.149523E-1
8.360000E1	9.213552E-1	-7.173421E-1
8.370000E1	9.205027E-1	-7.180578E-1
8.380000E1	9.230233E-1	-7.179839E-1
8.390000E1	9.229814E-1	-7.186440E-1
8.400000E1	9.229621E-1	-7.191343E-1
8.410000E1	9.209409E-1	-7.205437E-1
8.420000E1	9.228371E-1	-7.190011E-1
8.430000E1	9.213948E-1	-7.192990E-1
8.440000E1	9.200350E-1	-7.202013E-1
8.450000E1	9.199591E-1	-7.209843E-1
8.460000E1	9.216427E-1	-7.190557E-1
8.470000E1	9.196074E-1	-7.210216E-1
8.480000E1	9.217169E-1	-7.211434E-1
8.490000E1	9.223671E-1	-7.209657E-1
8.500000E1	9.228185E-1	-7.189997E-1
8.510000E1	9.221976E-1	-7.143424E-1
8.520000E1	9.191103E-1	-7.141108E-1
8.530000E1	9.216646E-1	-7.140377E-1
8.540000E1	9.198253E-1	-7.117729E-1
8.550000E1	9.224981E-1	-7.125478E-1
8.560000E1	9.223147E-1	-7.141428E-1
8.570000E1	9.248267E-1	-7.137583E-1
8.580000E1	9.270704E-1	-7.139504E-1
8.590000E1	9.271339E-1	-7.167354E-1
8.600000E1	9.286201E-1	-7.144671E-1
8.610000E1	9.273278E-1	-7.150084E-1
8.620000E1	9.268756E-1	-7.156359E-1
8.630000E1	9.275671E-1	-7.171880E-1
8.640000E1	9.261706E-1	-7.177105E-1
8.650000E1	9.269345E-1	-7.180693E-1
8.660000E1	9.265314E-1	-7.197728E-1
8.670000E1	9.295370E-1	-7.223969E-1
8.680000E1	9.309155E-1	-7.208102E-1
8.690000E1	9.298414E-1	-7.216608E-1
8.700000E1	9.281076E-1	-7.209791E-1
8.710000E1	9.261983E-1	-7.195593E-1
8.720000E1	9.266541E-1	-7.198729E-1
8.730000E1	9.232822E-1	-7.168540E-1
8.740000E1	9.253271E-1	-7.151875E-1
8.750000E1	9.256124E-1	-7.153179E-1
8.760000E1	9.252854E-1	-7.139074E-1
8.770000E1	9.245674E-1	-7.124903E-1
8.780000E1	9.240364E-1	-7.091020E-1
8.790000E1	9.235987E-1	-7.123609E-1
8.800000E1	9.225635E-1	-7.116481E-1
8.810000E1	9.258494E-1	-7.098244E-1
8.820000E1	9.254452E-1	-7.112823E-1
8.830000E1	9.259423E-1	-7.118872E-1
8.840000E1	9.250505E-1	-7.145430E-1
8.850000E1	9.251959E-1	-7.119390E-1
8.860000E1	9.251013E-1	-7.107211E-1
8.870000E1	9.231106E-1	-7.105739E-1
8.880000E1	9.229058E-1	-7.144090E-1
8.890000E1	9.246674E-1	-7.146938E-1
8.900000E1	9.279496E-1	-7.156469E-1
8.910000E1	9.260228E-1	-7.160041E-1
8.920000E1	9.278857E-1	-7.166810E-1
8.930000E1	9.241658E-1	-7.170609E-1
8.940000E1	9.244072E-1	-7.173654E-1
8.950000E1	9.239861E-1	-7.170438E-1
8.960000E1	9.229255E-1	-7.133954E-1
8.970000E1	9.187579E-1	-7.146493E-1
8.980000E1	9.186850E-1	-7.127184E-1
8.990000E1	9.202242E-1	-7.114731E-1
9.000000E1	9.218811E-1	-7.097184E-1
9.010000E1	9.211279E-1	-7.128393E-1
9.020000E1	9.238992E-1	-7.116948E-1
9.030000E1	9.259461E-1	-7.132866E-1
9.040000E1	9.264630E-1	-7.128774E-1
9.050000E1	9.261465E-1	-7.143842E-1
9.060000E1	9.248163E-1	-7.125234E-1
9.070000E1	9.247351E-1	-7.098725E-1
9.080000E1	9.237631E-1	-7.084473E-1
9.090000E1	9.241508E-1	-7.075903E-1
9.100000E1	9.242723E-1	-7.084136E-1
9.110000E1	9.268285E-1	-7.060307E-1
9.120000E1	9.271714E-1	-7.066314E-1
9.130000E1	9.282885E-1	-7.076392E-1
9.140000E1	9.281977E-1	-7.089166E-1
9.150000E1	9.283896E-1	-7.106548E-1
9.160000E1	9.284629E-1	-7.125686E-1
9.170000E1	9.285576E-1	-7.125254E-1
9.180000E1	9.290603E-1	-7.122544E-1
9.190000E1	9.334549E-1	-7.145547E-1
9.200000E1	9.338491E-1	-7.173141E-1
9.210000E1	9.348886E-1	-7.190361E-1
9.220000E1	9.325323E-1	-7.176951E-1
9.230000E1	9.300166E-1	-7.160724E-1
9.240000E1	9.308109E-1	-7.159891E-1
9.250000E1	9.290255E-1	-7.159100E-1
9.260000E1	9.286691E-1	-7.179759E-1
9.270000E1	9.280764E-1	-7.168190E-1
9.280000E1	9.264871E-1	-7.159851E-1
9.290000E1	9.258191E-1	-7.153115E-1
9.300000E1	9.240080E-1	-7.175624E-1
9.310000E1	9.224721E-1	-7.189022E-1
9.320000E1	9.228464E-1	-7.193523E-1
9.330000E1	9.235450E-1	-7.164416E-1
9.340000E1	9.258312E-1	-7.151826E-1
9.350000E1	9.275028E-1	-7.125223E-1
9.360000E1	9.282564E-1	-7.135758E-1
9.370000E1	9.301280E-1	-7.110563E-1
9.380000E1	9.252349E-1	-7.068590E-1
9.390000E1	9.280979E-1	-7.076488E-1
9.400000E1	9.265536E-1	-7.045361E-1
9.410000E1	9.267604E-1	-7.026424E-1
9.420000E1	9.259357E-1	-7.032879E-1
9.430000E1	9.246706E-1	-7.028260E-1
9.440000E1	9.275153E-1	-7.052948E-1
9.450000E1	9.273657E-1	-7.077540E-1
9.460000E1	9.281049E-1	-7.077908E-1
9.470000E1	9.272684E-1	-7.070041E-1
9.480000E1	9.270186E-1	-7.059561E-1
9.490000E1	9.264387E-1	-7.069773E-1
9.500000E1	9.276410E-1	-7.053696E-1
9.510000E1	9.279774E-1	-7.086380E-1
9.520000E1	9.272581E-1	-7.061589E-1
9.530000E1	9.287158E-1	-7.037846E-1
9.540000E1	9.296041E-1	-7.023512E-1
9.550000E1	9.305986E-1	-6.991852E-1
9.560000E1	9.302902E-1	-6.974106E-1
9.570000E1	9.318439E-1	-6.979012E-1
9.580000E1	9.336392E-1	-6.971397E-1
9.590000E1	9.333110E-1	-6.999019E-1
9.600000E1	9.326313E-1	-6.984330E-1
9.610000E1	9.293811E-1	-6.982866E-1
9.620000E1	9.303710E-1	-7.002703E-1
9.630000E1	9.304054E-1	-7.050420E-1
9.640000E1	9.285447E-1	-7.040933E-1
9.650000E1	9.274857E-1	-7.070325E-1
9.660000E1	9.276913E-1	-7.031443E-1
9.670000E1	9.287367E-1	-7.026435E-1
9.680000E1	9.289864E-1	-7.017533E-1
9.690000E1	9.267442E-1	-6.990657E-1
9.700000E1	9.250523E-1	-7.002008E-1
9.710000E1	9.243952E-1	-7.017122E-1
9.720000E1	9.240079E-1	-7.025252E-1
9.730000E1	9.258638E-1	-7.045259E-1
9.740000E1	9.255281E-1	-7.057207E-1
9.750000E1	9.262520E-1	-7.031544E-1
9.760000E1	9.283629E-1	-7.031020E-1
9.770000E1	9.298773E-1	-7.026253E-1
9.780000E1	9.302371E-1	-7.035062E-1
9.790000E1	9.302242E-1	-6.994031E-1
9.800000E1	9.298047E-1	-6.984542E-1
9.810000E1	9.308764E-1	-6.989014E-1
9.820000E1	9.300601E-1	-6.977123E-1
9.830000E1	9.298141E-1	-6.966161E-1
9.840000E1	9.313472E-1	-6.938978E-1
9.850000E1	9.317164E-1	-6.939865E-1
9.860000E1	9.326895E-1	-6.951668E-1
9.870000E1	9.329434E-1	-6.946210E-1
9.880000E1	9.351820E-1	-6.981036E-1
9.890000E1	9.332473E-1	-6.999956E-1
9.900000E1	9.307088E-1	-6.999476E-1
9.910000E1	9.279082E-1	-7.012327E-1
9.920000E1	9.296059E-1	-7.031651E-1
9.930000E1	9.295048E-1	-6.988842E-1
9.940000E1	9.294362E-1	-6.968928E-1
9.950000E1	9.311526E-1	-6.962301E-1
9.960000E1	9.357195E-1	-6.976371E-1
9.970000E1	9.330165E-1	-7.002188E-1
9.980000E1	9.358243E-1	-6.984463E-1
9.990000E1	9.346828E-1	-6.981209E-1
1.000000E2	9.354490E-1	-6.977820E-1
1.001000E2	9.349780E-1	-6.972755E-1
1.002000E2	9.355060E-1	-6.961099E-1
1.003000E2	9.358536E-1	-6.928555E-1
1.004000E2	9.359969E-1	-6.929197E-1
1.005000E2	9.343935E-1	-6.954568E-1
1.006000E2	9.377490E-1	-6.964427E-1
1.007000E2	9.396377E-1	-6.990005E-1
1.008000E2	9.416760E-1	-7.007635E-1
1.009000E2	9.427121E-1	-6.999595E-1
1.010000E2	9.423778E-1	-7.002225E-1
1.011000E2	9.430590E-1	-7.000252E-1
1.012000E2	9.437683E-1	-6.995947E-1
1.013000E2	9.475935E-1	-7.011538E-1
1.014000E2	9.497868E-1	-6.991234E-1
1.015000E2	9.523290E-1	-6.985198E-1
1.016000E2	9.492614E-1	-6.975349E-1
1.017000E2	9.433964E-1	-6.958390E-1
1.018000E2	9.425828E-1	-6.969142E-1
1.019000E2	9.427785E-1	-6.977062E-1
1.020000E2	9.433783E-1	-7.025720E-1
1.021000E2	9.443640E-1	-7.021833E-1
1.022000E2	9.482609E-1	-7.015931E-1
1.023000E2	9.453419E-1	-7.028492E-1
1.024000E2	9.475654E-1	-7.028310E-1
1.025000E2	9.518331E-1	-7.047400E-1
1.026000E2	9.517910E-1	-7.053155E-1
1.027000E2	9.503144E-1	-7.021388E-1
1.028000E2	9.484384E-1	-7.022031E-1
1.029000E2	9.454678E-1	-6.984874E-1
1.030000E2	9.468579E-1	-6.972961E-1
1.031000E2	9.475689E-1	-6.990840E-1
1.032000E2	9.477326E-1	-6.985047E-1
1.033000E2	9.474617E-1	-6.984361E-1
1.034000E2	9.476181E-1	-6.984823E-1
1.035000E2	9.466009E-1	-6.980052E-1
1.036000E2	9.456496E-1	-6.977855E-1
1.037000E2	9.441506E-1	-6.990188E-1
1.038000E2	9.413617E-1	-6.975941E-1
1.039000E2	9.418174E-1	-6.960614E-1
1.040000E2	9.428727E-1	-6.996263E-1
1.041000E2	9.431484E-1	-7.018037E-1
1.042000E2	9.424879E-1	-7.034248E-1
1.043000E2	9.400705E-1	-7.032208E-1
1.044000E2	9.383873E-1	-7.047525E-1
1.045000E2	9.388733E-1	-7.036589E-1
1.046000E2	9.400279E-1	-7.019634E-1
1.047000E2	9.413035E-1	-7.006838E-1
1.048000E2	9.409662E-1	-7.004872E-1
1.049000E2	9.414994E-1	-7.015104E-1
1.050000E2	9.426223E-1	-7.001421E-1
1.051000E2	9.424818E-1	-6.980530E-1
1.052000E2	9.427703E-1	-6.970770E-1
1.053000E2	9.453185E-1	-6.967086E-1
1.054000E2	9.476944E-1	-6.963727E-1
1.055000E2	9.477386E-1	-6.975146E-1
1.056000E2	9.479726E-1	-6.976771E-1
1.057000E2	9.441862E-1	-6.959816E-1
1.058000E2	9.430242E-1	-6.983953E-1
1.059000E2	9.419349E-1	-6.972965E-1
1.060000E2	9.406648E-1	-6.961185E-1
1.061000E2	9.394262E-1	-6.934559E-1
1.062000E2	9.409608E-1	-6.952144E-1
1.063000E2	9.393497E-1	-6.950257E-1
1.064000E2	9.385971E-1	-6.952884E-1
1.065000E2	9.393077E-1	-6.936630E-1
1.066000E2	9.401932E-1	-6.910423E-1
1.067000E2	9.402553E-1	-6.889804E-1
1.068000E2	9.449542E-1	-6.861618E-1
1.069000E2	9.470683E-1	-6.819700E-1
1.070000E2	9.458251E-1	-6.801017E-1
1.071000E2	9.436082E-1	-6.827853E-1
1.072000E2	9.446026E-1	-6.842053E-1
1.073000E2	9.467476E-1	-6.844336E-1
1.074000E2	9.498106E-1	-6.852766E-1
1.075000E2	9.471107E-1	-6.893136E-1
1.076000E2	9.455033E-1	-6.863797E-1
1.077000E2	9.440986E-1	-6.858786E-1
1.078000E2	9.441585E-1	-6.877767E-1
1.079000E2	9.435246E-1	-6.888897E-1
1.080000E2	9.427988E-1	-6.875692E-1
1.081000E2	9.444129E-1	-6.882322E-1
1.082000E2	9.426954E-1	-6.854326E-1
1.083000E2	9.418471E-1	-6.849066E-1
1.084000E2	9.442386E-1	-6.812183E-1
1.085000E2	9.430193E-1	-6.797621E-1
1.086000E2	9.423852E-1	-6.803325E-1
1.087000E2	9.397571E-1	-6.804872E-1
1.088000E2	9.407724E-1	-6.803947E-1
1.089000E2	9.378371E-1	-6.809692E-1
1.090000E2	9.367097E-1	-6.808736E-1
1.091000E2	9.341435E-1	-6.781074E-1
1.092000E2	9.342752E-1	-6.785567E-1
1.093000E2	9.361082E-1	-6.761377E-1
1.094000E2	9.386356E-1	-6.740775E-1
1.095000E2	9.376430E-1	-6.758389E-1
1.096000E2	9.342616E-1	-6.735441E-1
1.097000E2	9.353188E-1	-6.774663E-1
1.098000E2	9.355936E-1	-6.774816E-1
1.099000E2	9.355664E-1	-6.829081E-1
1.100000E2	9.356805E-1	-6.791743E-1
1.101000E2	9.349678E-1	-6.822348E-1
1.102000E2	9.344457E-1	-6.810591E-1
1.103000E2	9.358583E-1	-6.813887E-1
1.104000E2	9.349713E-1	-6.822147E-1
1.105000E2	9.338057E-1	-6.823076E-1
1.106000E2	9.344136E-1	-6.802426E-1
1.107000E2	9.353331E-1	-6.794316E-1
1.108000E2	9.371888E-1	-6.807556E-1
1.109000E2	9.399646E-1	-6.814609E-1
1.110000E2	9.415456E-1	-6.821747E-1
1.111000E2	9.412942E-1	-6.801816E-1
1.112000E2	9.400207E-1	-6.822515E-1
1.113000E2	9.400817E-1	-6.846438E-1
1.114000E2	9.428940E-1	-6.832322E-1
1.115000E2	9.430956E-1	-6.840349E-1
1.116000E2	9.411127E-1	-6.842969E-1
1.117000E2	9.426215E-1	-6.830230E-1
1.118000E2	9.470112E-1	-6.826953E-1
1.119000E2	9.474827E-1	-6.803481E-1
1.120000E2	9.475355E-1	-6.806505E-1
1.121000E2	9.469209E-1	-6.766977E-1
1.122000E2	9.484114E-1	-6.797151E-1
1.123000E2	9.512940E-1	-6.793746E-1
1.124000E2	9.479526E-1	-6.783167E-1
1.125000E2	9.468381E-1	-6.798567E-1
1.126000E2	9.465683E-1	-6.794101E-1
1.127000E2	9.467398E-1	-6.775638E-1
1.128000E2	9.472339E-1	-6.782532E-1
1.129000E2	9.478217E-1	-6.811461E-1
1.130000E2	9.472577E-1	-6.828669E-1
1.131000E2	9.438125E-1	-6.831965E-1
1.132000E2	9.452531E-1	-6.823273E-1
1.133000E2	9.434643E-1	-6.813594E-1
1.134000E2	9.429184E-1	-6.808130E-1
1.135000E2	9.432527E-1	-6.807146E-1
1.136000E2	9.441001E-1	-6.768910E-1
1.137000E2	9.460663E-1	-6.753159E-1
1.138000E2	9.474902E-1	-6.783910E-1
1.139000E2	9.434648E-1	-6.787052E-1
1.140000E2	9.432147E-1	-6.811207E-1
1.141000E2	9.431856E-1	-6.810557E-1
1.142000E2	9.430642E-1	-6.810318E-1
1.143000E2	9.436128E-1	-6.807945E-1
1.144000E2	9.432183E-1	-6.783081E-1
1.145000E2	9.464354E-1	-6.763409E-1
1.146000E2	9.462439E-1	-6.732340E-1
1.147000E2	9.430223E-1	-6.721865E-1
1.148000E2	9.424169E-1	-6.684177E-1
1.149000E2	9.427689E-1	-6.698765E-1
1.150000E2	9.430183E-1	-6.724494E-1
1.151000E2	9.422966E-1	-6.725696E-1
1.152000E2	9.418232E-1	-6.725510E-1
1.153000E2	9.426272E-1	-6.688811E-1
1.154000E2	9.440517E-1	-6.696205E-1
1.155000E2	9.443360E-1	-6.721271E-1
1.156000E2	9.448823E-1	-6.684461E-1
1.157000E2	9.457872E-1	-6.692321E-1
1.158000E2	9.465109E-1	-6.693627E-1
1.159000E2	9.474613E-1	-6.680685E-1
1.160000E2	9.498702E-1	-6.675280E-1
1.161000E2	9.477181E-1	-6.686931E-1
1.162000E2	9.469450E-1	-6.676151E-1
1.163000E2	9.460905E-1	-6.672950E-1
1.164000E2	9.443872E-1	-6.697835E-1
1.165000E2	9.426121E-1	-6.714130E-1
1.166000E2	9.432280E-1	-6.767167E-1
1.167000E2	9.433414E-1	-6.742991E-1
1.168000E2	9.452203E-1	-6.760795E-1
1.169000E2	9.430371E-1	-6.759411E-1
1.170000E2	9.440115E-1	-6.765952E-1
1.171000E2	9.473263E-1	-6.736311E-1
1.172000E2	9.494798E-1	-6.748928E-1
1.173000E2	9.483371E-1	-6.737557E-1
1.174000E2	9.490472E-1	-6.714549E-1
1.175000E2	9.489212E-1	-6.704040E-1
1.176000E2	9.491130E-1	-6.692327E-1
1.177000E2	9.493158E-1	-6.695794E-1
1.178000E2	9.488851E-1	-6.683018E-1
1.179000E2	9.485117E-1	-6.656118E-1
1.180000E2	9.488731E-1	-6.685933E-1
1.181000E2	9.501667E-1	-6.687629E-1
1.182000E2	9.500415E-1	-6.716634E-1
1.183000E2	9.507298E-1	-6.718266E-1
1.184000E2	9.491416E-1	-6.713278E-1
1.185000E2	9.501443E-1	-6.722488E-1
1.186000E2	9.489745E-1	-6.700113E-1
1.187000E2	9.503966E-1	-6.713588E-1
1.188000E2	9.501218E-1	-6.695380E-1
1.189000E2	9.500553E-1	-6.669273E-1
1.190000E2	9.490803E-1	-6.695223E-1
1.191000E2	9.490886E-1	-6.662551E-1
1.192000E2	9.514816E-1	-6.653034E-1
1.193000E2	9.554398E-1	-6.666513E-1
1.194000E2	9.565520E-1	-6.677844E-1
1.195000E2	9.584929E-1	-6.678039E-1
1.196000E2	9.570100E-1	-6.693085E-1
1.197000E2	9.554840E-1	-6.700791E-1
1.198000E2	9.568590E-1	-6.706002E-1
1.199000E2	9.585302E-1	-6.702826E-1
1.200000E2	9.604433E-1	-6.684208E-1
1.201000E2	9.601474E-1	-6.690092E-1
1.202000E2	9.613158E-1	-6.672904E-1
1.203000E2	9.585486E-1	-6.696605E-1
1.204000E2	9.595924E-1	-6.691947E-1
1.205000E2	9.572644E-1	-6.697469E-1
1.206000E2	9.584443E-1	-6.696405E-1
1.207000E2	9.570811E-1	-6.707744E-1
1.208000E2	9.571218E-1	-6.721594E-1
1.209000E2	9.567779E-1	-6.714219E-1
1.210000E2	9.543373E-1	-6.717865E-1
1.211000E2	9.552194E-1	-6.705343E-1
1.212000E2	9.558680E-1	-6.712585E-1
1.213000E2	9.559617E-1	-6.722307E-1
1.214000E2	9.557790E-1	-6.730410E-1
1.215000E2	9.561728E-1	-6.737700E-1
1.216000E2	9.567572E-1	-6.747641E-1
1.217000E2	9.564590E-1	-6.762413E-1
1.218000E2	9.581445E-1	-6.768547E-1
1.219000E2	9.582336E-1	-6.785997E-1
1.220000E2	9.544455E-1	-6.779774E-1
1.221000E2	9.530426E-1	-6.768668E-1
1.222000E2	9.513615E-1	-6.767526E-1
1.223000E2	9.503477E-1	-6.771852E-1
1.224000E2	9.513999E-1	-6.789514E-1
1.225000E2	9.523213E-1	-6.815298E-1
1.226000E2	9.518899E-1	-6.854654E-1
1.227000E2	9.523725E-1	-6.838561E-1
1.228000E2	9.493757E-1	-6.829230E-1
1.229000E2	9.489774E-1	-6.813236E-1
1.230000E2	9.496436E-1	-6.823372E-1
1.231000E2	9.499191E-1	-6.839560E-1
1.232000E2	9.509208E-1	-6.819790E-1
1.233000E2	9.497244E-1	-6.799394E-1
1.234000E2	9.481174E-1	-6.816970E-1
1.235000E2	9.510391E-1	-6.806487E-1
1.236000E2	9.477668E-1	-6.796450E-1
1.237000E2	9.464376E-1	-6.819014E-1
1.238000E2	9.462758E-1	-6.841304E-1
1.239000E2	9.466286E-1	-6.842727E-1
1.240000E2	9.482032E-1	-6.856855E-1
1.241000E2	9.477561E-1	-6.824251E-1
1.242000E2	9.493661E-1	-6.833810E-1
1.243000E2	9.477712E-1	-6.846271E-1
1.244000E2	9.472747E-1	-6.832339E-1
1.245000E2	9.537025E-1	-6.821866E-1
1.246000E2	9.551744E-1	-6.815473E-1
1.247000E2	9.553123E-1	-6.817734E-1
1.248000E2	9.558216E-1	-6.841286E-1
1.249000E2	9.566038E-1	-6.839919E-1
1.250000E2	9.552673E-1	-6.852361E-1
1.251000E2	9.561510E-1	-6.877865E-1
1.252000E2	9.558675E-1	-6.891826E-1
1.253000E2	9.568311E-1	-6.904440E-1
1.254000E2	9.577554E-1	-6.894109E-1
1.255000E2	9.576240E-1	-6.867526E-1
1.256000E2	9.585824E-1	-6.882880E-1
1.257000E2	9.600093E-1	-6.907159E-1
1.258000E2	9.626211E-1	-6.907977E-1
1.259000E2	9.594199E-1	-6.923400E-1
1.260000E2	9.600907E-1	-6.920959E-1
1.261000E2	9.601159E-1	-6.914390E-1
1.262000E2	9.601665E-1	-6.905443E-1
1.263000E2	9.590100E-1	-6.902982E-1
1.264000E2	9.603562E-1	-6.895237E-1
1.265000E2	9.603861E-1	-6.881543E-1
1.266000E2	9.619395E-1	-6.880857E-1
1.267000E2	9.576067E-1	-6.865310E-1
1.268000E2	9.605422E-1	-6.889046E-1
1.269000E2	9.566153E-1	-6.891195E-1
1.270000E2	9.587482E-1	-6.913265E-1
1.271000E2	9.610502E-1	-6.885453E-1
1.272000E2	9.612723E-1	-6.841496E-1
1.273000E2	9.603752E-1	-6.859803E-1
1.274000E2	9.575985E-1	-6.853683E-1
1.275000E2	9.568262E-1	-6.811763E-1
1.276000E2	9.588999E-1	-6.809366E-1
1.277000E2	9.560985E-1	-6.814881E-1
1.278000E2	9.587298E-1	-6.798283E-1
1.279000E2	9.582349E-1	-6.801521E-1
1.280000E2	9.578924E-1	-6.792801E-1
1.281000E2	9.572304E-1	-6.774744E-1
1.282000E2	9.542477E-1	-6.770122E-1
1.283000E2	9.553994E-1	-6.742726E-1
1.284000E2	9.554138E-1	-6.755933E-1
1.285000E2	9.526993E-1	-6.729128E-1
1.286000E2	9.534013E-1	-6.719392E-1
1.287000E2	9.533491E-1	-6.729988E-1
1.288000E2	9.537886E-1	-6.713900E-1
1.289000E2	9.535122E-1	-6.680291E-1
1.290000E2	9.532974E-1	-6.639198E-1
1.291000E2	9.556363E-1	-6.657470E-1
1.292000E2	9.578277E-1	-6.668371E-1
1.293000E2	9.586062E-1	-6.678919E-1
1.294000E2	9.593101E-1	-6.669003E-1
1.295000E2	9.594238E-1	-6.676714E-1
1.296000E2	9.610992E-1	-6.653130E-1
1.297000E2	9.607318E-1	-6.649019E-1
1.298000E2	9.574924E-1	-6.653055E-1
1.299000E2	9.596696E-1	-6.660491E-1
1.300000E2	9.574464E-1	-6.707010E-1
1.301000E2	9.577500E-1	-6.724028E-1
1.302000E2	9.586424E-1	-6.693017E-1
1.303000E2	9.601332E-1	-6.677869E-1
1.304000E2	9.604259E-1	-6.670712E-1
1.305000E2	9.603891E-1	-6.666315E-1
1.306000E2	9.618132E-1	-6.672461E-1
1.307000E2	9.595252E-1	-6.652565E-1
1.308000E2	9.607464E-1	-6.664314E-1
1.309000E2	9.623173E-1	-6.671756E-1
1.310000E2	9.617693E-1	-6.670955E-1
1.311000E2	9.625043E-1	-6.669095E-1
1.312000E2	9.648547E-1	-6.680278E-1
1.313000E2	9.676634E-1	-6.681257E-1
1.314000E2	9.672272E-1	-6.676957E-1
1.315000E2	9.669329E-1	-6.684868E-1
1.316000E2	9.682365E-1	-6.698639E-1
1.317000E2	9.683389E-1	-6.733716E-1
1.318000E2	9.672714E-1	-6.738830E-1
1.319000E2	9.676705E-1	-6.753585E-1
1.320000E2	9.666504E-1	-6.721267E-1
1.321000E2	9.648525E-1	-6.687714E-1
1.322000E2	9.644116E-1	-6.675219E-1
1.323000E2	9.627619E-1	-6.666524E-1
1.324000E2	9.620359E-1	-6.639820E-1
1.325000E2	9.638298E-1	-6.655305E-1
1.326000E2	9.630299E-1	-6.692959E-1
1.327000E2	9.660652E-1	-6.700578E-1
1.328000E2	9.665202E-1	-6.699272E-1
1.329000E2	9.654501E-1	-6.712552E-1
1.330000E2	9.652113E-1	-6.678354E-1
1.331000E2	9.645499E-1	-6.671245E-1
1.332000E2	9.643081E-1	-6.659009E-1
1.333000E2	9.638104E-1	-6.649391E-1
1.334000E2	9.641710E-1	-6.638612E-1
1.335000E2	9.627627E-1	-6.641639E-1
1.336000E2	9.625557E-1	-6.648708E-1
1.337000E2	9.648967E-1	-6.660301E-1
1.338000E2	9.653686E-1	-6.636025E-1
1.339000E2	9.657341E-1	-6.620797E-1
1.340000E2	9.673985E-1	-6.604181E-1
1.341000E2	9.646183E-1	-6.620580E-1
1.342000E2	9.663743E-1	-6.608880E-1
1.343000E2	9.667768E-1	-6.615037E-1
1.344000E2	9.672556E-1	-6.620682E-1
1.345000E2	9.682513E-1	-6.615391E-1
1.346000E2	9.694925E-1	-6.637133E-1
1.347000E2	9.687776E-1	-6.636916E-1
1.348000E2	9.709602E-1	-6.621111E-1
1.349000E2	9.726348E-1	-6.625997E-1
1.350000E2	9.729386E-1	-6.623187E-1
1.351000E2	9.718471E-1	-6.605925E-1
1.352000E2	9.721566E-1	-6.616261E-1
1.353000E2	9.714201E-1	-6.647722E-1
1.354000E2	9.690302E-1	-6.647257E-1
1.355000E2	9.707783E-1	-6.626887E-1
1.356000E2	9.698807E-1	-6.622701E-1
1.357000E2	9.723589E-1	-6.630287E-1
1.358000E2	9.717769E-1	-6.605619E-1
1.359000E2	9.725684E-1	-6.592376E-1
1.360000E2	9.735746E-1	-6.553593E-1
1.361000E2	9.772150E-1	-6.563357E-1
1.362000E2	9.781858E-1	-6.570356E-1
1.363000E2	9.778663E-1	-6.543407E-1
1.364000E2	9.832715E-1	-6.535202E-1
1.365000E2	9.836305E-1	-6.554470E-1
1.366000E2	9.839509E-1	-6.575762E-1
1.367000E2	9.853206E-1	-6.583510E-1
1.368000E2	9.862720E-1	-6.587533E-1
1.369000E2	9.851295E-1	-6.592517E-1
1.370000E2	9.821399E-1	-6.554301E-1
1.371000E2	9.832466E-1	-6.579898E-1
1.372000E2	9.837780E-1	-6.564624E-1
1.373000E2	9.819674E-1	-6.574170E-1
1.374000E2	9.819802E-1	-6.572589E-1
1.375000E2	9.820327E-1	-6.566025E-1
1.376000E2	9.814942E-1	-6.593472E-1
1.377000E2	9.826878E-1	-6.600094E-1
1.378000E2	9.816738E-1	-6.616562E-1
1.379000E2	9.826359E-1	-6.608197E-1
1.380000E2	9.816450E-1	-6.613002E-1
1.381000E2	9.848510E-1	-6.585846E-1
1.382000E2	9.860519E-1	-6.575953E-1
1.383000E2	9.868197E-1	-6.600887E-1
1.384000E2	9.900088E-1	-6.591297E-1
1.385000E2	9.911974E-1	-6.602807E-1
1.386000E2	9.922084E-1	-6.599751E-1
1.387000E2	9.930420E-1	-6.590452E-1
1.388000E2	9.946652E-1	-6.615162E-1
1.389000E2	9.947350E-1	-6.604243E-1
1.390000E2	9.939294E-1	-6.610079E-1
1.391000E2	9.926176E-1	-6.598250E-1
1.392000E2	9.937484E-1	-6.592230E-1
1.393000E2	9.937662E-1	-6.600312E-1
1.394000E2	9.934292E-1	-6.570614E-1
1.395000E2	9.917661E-1	-6.560524E-1
1.396000E2	9.918142E-1	-6.579948E-1
1.397000E2	9.921673E-1	-6.586780E-1
1.398000E2	9.902280E-1	-6.606369E-1
1.399000E2	9.899815E-1	-6.633925E-1
1.400000E2	9.890349E-1	-6.631245E-1
1.401000E2	9.883336E-1	-6.605368E-1
1.402000E2	9.918305E-1	-6.611515E-1
1.403000E2	9.919318E-1	-6.606548E-1
1.404000E2	9.922159E-1	-6.585861E-1
1.405000E2	9.944127E-1	-6.574876E-1
1.406000E2	9.945341E-1	-6.556940E-1
1.407000E2	9.944309E-1	-6.588799E-1
1.408000E2	9.941466E-1	-6.552564E-1
1.409000E2	9.960572E-1	-6.522006E-1
1.410000E2	9.974331E-1	-6.538573E-1
1.411000E2	9.954942E-1	-6.548639E-1
1.412000E2	9.921811E-1	-6.527516E-1
1.413000E2	9.894848E-1	-6.532037E-1
1.414000E2	9.882084E-1	-6.538415E-1
1.415000E2	9.861472E-1	-6.545501E-1
1.416000E2	9.844436E-1	-6.561079E-1
1.417000E2	9.827229E-1	-6.549453E-1
1.418000E2	9.816417E-1	-6.543213E-1
1.419000E2	9.821819E-1	-6.517184E-1
1.420000E2	9.846648E-1	-6.528061E-1
1.421000E2	9.829577E-1	-6.522448E-1
1.422000E2	9.816334E-1	-6.519658E-1
1.423000E2	9.773378E-1	-6.523028E-1
1.424000E2	9.734799E-1	-6.575124E-1
1.425000E2	9.710661E-1	-6.574935E-1
1.426000E2	9.708663E-1	-6.540153E-1
1.427000E2	9.707242E-1	-6.530033E-1
1.428000E2	9.703512E-1	-6.548613E-1
1.429000E2	9.735786E-1	-6.538264E-1
1.430000E2	9.735039E-1	-6.547705E-1
1.431000E2	9.701668E-1	-6.534444E-1
1.432000E2	9.728872E-1	-6.546406E-1
1.433000E2	9.709205E-1	-6.549546E-1
1.434000E2	9.730190E-1	-6.567836E-1
1.435000E2	9.727576E-1	-6.568908E-1
1.436000E2	9.762019E-1	-6.545774E-1
1.437000E2	9.768337E-1	-6.564619E-1
1.438000E2	9.732745E-1	-6.531486E-1
1.439000E2	9.684676E-1	-6.543806E-1
1.440000E2	9.656456E-1	-6.535833E-1
1.441000E2	9.675986E-1	-6.515285E-1
1.442000E2	9.673564E-1	-6.489462E-1
1.443000E2	9.639907E-1	-6.472181E-1
1.444000E2	9.626316E-1	-6.452234E-1
1.445000E2	9.618057E-1	-6.448936E-1
1.446000E2	9.592667E-1	-6.448217E-1
1.447000E2	9.586808E-1	-6.426806E-1
1.448000E2	9.616104E-1	-6.403697E-1
1.449000E2	9.628132E-1	-6.421895E-1
1.450000E2	9.626411E-1	-6.426836E-1
1.451000E2	9.609687E-1	-6.418475E-1
1.452000E2	9.615800E-1	-6.423667E-1
1.453000E2	9.612896E-1	-6.437930E-1
1.454000E2	9.632756E-1	-6.457323E-1
1.455000E2	9.643916E-1	-6.451375E-1
1.456000E2	9.656392E-1	-6.443267E-1
1.457000E2	9.630109E-1	-6.455156E-1
1.458000E2	9.629377E-1	-6.460586E-1
1.459000E2	9.614006E-1	-6.454335E-1
1.460000E2	9.610107E-1	-6.451360E-1
1.461000E2	9.622864E-1	-6.470989E-1
1.462000E2	9.625067E-1	-6.464469E-1
1.463000E2	9.626707E-1	-6.457038E-1
1.464000E2	9.610129E-1	-6.440728E-1
1.465000E2	9.628953E-1	-6.448862E-1
1.466000E2	9.637920E-1	-6.444298E-1
1.467000E2	9.663009E-1	-6.424602E-1
1.468000E2	9.689826E-1	-6.423454E-1
1.469000E2	9.653272E-1	-6.379331E-1
1.470000E2	9.650330E-1	-6.388924E-1
1.471000E2	9.651559E-1	-6.384699E-1
1.472000E2	9.667526E-1	-6.373714E-1
1.473000E2	9.680604E-1	-6.380558E-1
1.474000E2	9.683551E-1	-6.377996E-1
1.475000E2	9.642584E-1	-6.398186E-1
1.476000E2	9.657765E-1	-6.398088E-1
1.477000E2	9.680870E-1	-6.397156E-1
1.478000E2	9.680258E-1	-6.418256E-1
1.479000E2	9.667895E-1	-6.431789E-1
1.480000E2	9.669250E-1	-6.426787E-1
1.481000E2	9.683795E-1	-6.414168E-1
1.482000E2	9.676134E-1	-6.415356E-1
1.483000E2	9.671307E-1	-6.384748E-1
1.484000E2	9.680020E-1	-6.387993E-1
1.485000E2	9.676185E-1	-6.407163E-1
1.486000E2	9.661475E-1	-6.416693E-1
1.487000E2	9.657394E-1	-6.411625E-1
1.488000E2	9.676232E-1	-6.407117E-1
1.489000E2	9.677740E-1	-6.424589E-1
1.490000E2	9.677681E-1	-6.417692E-1
1.491000E2	9.724639E-1	-6.395814E-1
1.492000E2	9.725004E-1	-6.368110E-1
1.493000E2	9.729145E-1	-6.340945E-1
1.494000E2	9.718539E-1	-6.350353E-1
1.495000E2	9.738805E-1	-6.346009E-1
1.496000E2	9.739327E-1	-6.351396E-1
1.497000E2	9.740770E-1	-6.367826E-1
1.498000E2	9.733036E-1	-6.375253E-1
1.499000E2	9.699139E-1	-6.387277E-1
1.500000E2	9.691370E-1	-6.379736E-1
1.501000E2	9.681854E-1	-6.368665E-1
1.502000E2	9.694979E-1	-6.371314E-1
1.503000E2	9.679739E-1	-6.380897E-1
1.504000E2	9.646016E-1	-6.386085E-1
1.505000E2	9.644613E-1	-6.377769E-1
1.506000E2	9.648088E-1	-6.401401E-1
1.507000E2	9.638184E-1	-6.414505E-1
1.508000E2	9.652114E-1	-6.455486E-1
1.509000E2	9.671468E-1	-6.456351E-1
1.510000E2	9.665557E-1	-6.434082E-1
1.511000E2	9.646860E-1	-6.404724E-1
1.512000E2	9.656465E-1	-6.359958E-1
1.513000E2	9.617074E-1	-6.338966E-1
1.514000E2	9.607933E-1	-6.309689E-1
1.515000E2	9.593691E-1	-6.310542E-1
1.516000E2	9.598702E-1	-6.324189E-1
1.517000E2	9.574878E-1	-6.345247E-1
1.518000E2	9.553904E-1	-6.357016E-1
1.519000E2	9.529645E-1	-6.372528E-1
1.520000E2	9.529869E-1	-6.409012E-1
1.521000E2	9.529462E-1	-6.409941E-1
1.522000E2	9.493327E-1	-6.384650E-1
1.523000E2	9.502107E-1	-6.389021E-1
1.524000E2	9.496151E-1	-6.405223E-1
1.525000E2	9.499333E-1	-6.393457E-1
1.526000E2	9.501709E-1	-6.384446E-1
1.527000E2	9.511856E-1	-6.372712E-1
1.528000E2	9.458514E-1	-6.375354E-1
1.529000E2	9.446245E-1	-6.357328E-1
1.530000E2	9.461759E-1	-6.357082E-1
1.531000E2	9.504324E-1	-6.348942E-1
1.532000E2	9.493941E-1	-6.335060E-1
1.533000E2	9.471119E-1	-6.355652E-1
1.534000E2	9.479180E-1	-6.353288E-1
1.535000E2	9.477719E-1	-6.381711E-1
1.536000E2	9.457980E-1	-6.365999E-1
1.537000E2	9.448056E-1	-6.378294E-1
1.538000E2	9.455258E-1	-6.369007E-1
1.539000E2	9.464466E-1	-6.360978E-1
1.540000E2	9.476705E-1	-6.355715E-1
1.541000E2	9.498363E-1	-6.363157E-1
1.542000E2	9.483664E-1	-6.368128E-1
1.543000E2	9.486038E-1	-6.387265E-1
1.544000E2	9.512205E-1	-6.396485E-1
1.545000E2	9.494026E-1	-6.381366E-1
1.546000E2	9.497069E-1	-6.395499E-1
1.547000E2	9.499432E-1	-6.412487E-1
1.548000E2	9.501473E-1	-6.436967E-1
1.549000E2	9.521607E-1	-6.430314E-1
1.550000E2	9.531414E-1	-6.437627E-1
1.551000E2	9.520342E-1	-6.428560E-1
1.552000E2	9.517921E-1	-6.452183E-1
1.553000E2	9.539701E-1	-6.454396E-1
1.554000E2	9.550334E-1	-6.451239E-1
1.555000E2	9.546742E-1	-6.456694E-1
1.556000E2	9.538600E-1	-6.443613E-1
1.557000E2	9.553971E-1	-6.449920E-1
1.558000E2	9.553030E-1	-6.464809E-1
1.559000E2	9.552352E-1	-6.464879E-1
1.560000E2	9.551625E-1	-6.465997E-1
1.561000E2	9.561652E-1	-6.482226E-1
1.562000E2	9.552317E-1	-6.480525E-1
1.563000E2	9.549902E-1	-6.507512E-1
1.564000E2	9.549417E-1	-6.497088E-1
1.565000E2	9.543383E-1	-6.491254E-1
1.566000E2	9.552340E-1	-6.513826E-1
1.567000E2	9.540297E-1	-6.516924E-1
1.568000E2	9.520605E-1	-6.520691E-1
1.569000E2	9.529126E-1	-6.482361E-1
1.570000E2	9.515727E-1	-6.461333E-1
1.571000E2	9.495591E-1	-6.483840E-1
1.572000E2	9.496688E-1	-6.496197E-1
1.573000E2	9.541314E-1	-6.506760E-1
1.574000E2	9.563321E-1	-6.492885E-1
1.575000E2	9.566738E-1	-6.474684E-1
1.576000E2	9.572584E-1	-6.460276E-1
1.577000E2	9.597880E-1	-6.481991E-1
1.578000E2	9.586938E-1	-6.479366E-1
1.579000E2	9.589836E-1	-6.513920E-1
1.580000E2	9.602653E-1	-6.482827E-1
1.581000E2	9.614237E-1	-6.478280E-1
1.582000E2	9.643733E-1	-6.479162E-1
1.583000E2	9.649574E-1	-6.498891E-1
1.584000E2	9.656759E-1	-6.524989E-1
1.585000E2	9.656008E-1	-6.545976E-1
1.586000E2	9.642858E-1	-6.500963E-1
1.587000E2	9.643739E-1	-6.469606E-1
1.588000E2	9.630186E-1	-6.495251E-1
1.589000E2	9.588126E-1	-6.492771E-1
1.590000E2	9.562698E-1	-6.490257E-1
1.591000E2	9.564461E-1	-6.479393E-1
1.592000E2	9.547764E-1	-6.450387E-1
1.593000E2	9.535323E-1	-6.480354E-1
1.594000E2	9.484413E-1	-6.476675E-1
1.595000E2	9.461649E-1	-6.473723E-1
1.596000E2	9.456862E-1	-6.474448E-1
1.597000E2	9.465712E-1	-6.490347E-1
1.598000E2	9.452628E-1	-6.500285E-1
1.599000E2	9.462928E-1	-6.517305E-1
1.600000E2	9.434387E-1	-6.508991E-1
1.601000E2	9.423387E-1	-6.508855E-1
1.602000E2	9.409844E-1	-6.489046E-1
1.603000E2	9.389242E-1	-6.490644E-1
1.604000E2	9.390983E-1	-6.496379E-1
1.605000E2	9.397582E-1	-6.480693E-1
1.606000E2	9.371548E-1	-6.516094E-1
1.607000E2	9.390086E-1	-6.507577E-1
1.608000E2	9.354277E-1	-6.498313E-1
1.609000E2	9.361176E-1	-6.471023E-1
1.610000E2	9.339486E-1	-6.459108E-1
1.611000E2	9.349754E-1	-6.456174E-1
1.612000E2	9.350403E-1	-6.463066E-1
1.613000E2	9.356463E-1	-6.483693E-1
1.614000E2	9.356839E-1	-6.509981E-1
1.615000E2	9.341138E-1	-6.522005E-1
1.616000E2	9.346197E-1	-6.479399E-1
1.617000E2	9.344207E-1	-6.477154E-1
1.618000E2	9.323641E-1	-6.467016E-1
1.619000E2	9.279665E-1	-6.471950E-1
1.620000E2	9.300441E-1	-6.456656E-1
1.621000E2	9.309505E-1	-6.463448E-1
1.622000E2	9.324660E-1	-6.451548E-1
1.623000E2	9.343903E-1	-6.437708E-1
1.624000E2	9.357124E-1	-6.446115E-1
1.625000E2	9.396276E-1	-6.430951E-1
1.626000E2	9.370863E-1	-6.450865E-1
1.627000E2	9.361698E-1	-6.445919E-1
1.628000E2	9.373809E-1	-6.464396E-1
1.629000E2	9.371694E-1	-6.453392E-1
1.630000E2	9.383491E-1	-6.452831E-1
1.631000E2	9.367249E-1	-6.422646E-1
1.632000E2	9.359472E-1	-6.430830E-1
1.633000E2	9.396983E-1	-6.422562E-1
1.634000E2	9.400954E-1	-6.433591E-1
1.635000E2	9.423615E-1	-6.413173E-1
1.636000E2	9.471147E-1	-6.391070E-1
1.637000E2	9.491123E-1	-6.378556E-1
1.638000E2	9.486076E-1	-6.393671E-1
1.639000E2	9.495453E-1	-6.367792E-1
1.640000E2	9.479242E-1	-6.341217E-1
1.641000E2	9.500771E-1	-6.345251E-1
1.642000E2	9.493399E-1	-6.355423E-1
1.643000E2	9.502900E-1	-6.351499E-1
1.644000E2	9.538640E-1	-6.360017E-1
1.645000E2	9.531052E-1	-6.358432E-1
1.646000E2	9.528429E-1	-6.322994E-1
1.647000E2	9.505770E-1	-6.314622E-1
1.648000E2	9.501271E-1	-6.317274E-1
1.649000E2	9.505595E-1	-6.318743E-1
1.650000E2	9.513589E-1	-6.302607E-1
1.651000E2	9.511107E-1	-6.310070E-1
1.652000E2	9.515307E-1	-6.321586E-1
1.653000E2	9.518565E-1	-6.313367E-1
1.654000E2	9.506661E-1	-6.327632E-1
1.655000E2	9.493156E-1	-6.335327E-1
1.656000E2	9.469488E-1	-6.334917E-1
1.657000E2	9.468076E-1	-6.312211E-1
1.658000E2	9.479952E-1	-6.287786E-1
1.659000E2	9.453147E-1	-6.291879E-1
1.660000E2	9.435543E-1	-6.290538E-1
1.661000E2	9.458857E-1	-6.305050E-1
1.662000E2	9.457000E-1	-6.270474E-1
1.663000E2	9.442486E-1	-6.266483E-1
1.664000E2	9.434096E-1	-6.270632E-1
1.665000E2	9.452063E-1	-6.254573E-1
1.666000E2	9.431544E-1	-6.221274E-1
1.667000E2	9.421230E-1	-6.221424E-1
1.668000E2	9.413209E-1	-6.211067E-1
1.669000E2	9.421115E-1	-6.187523E-1
1.670000E2	9.422806E-1	-6.189773E-1
1.671000E2	9.449396E-1	-6.209882E-1
1.672000E2	9.449522E-1	-6.211701E-1
1.673000E2	9.435634E-1	-6.212389E-1
1.674000E2	9.421835E-1	-6.214188E-1
1.675000E2	9.415696E-1	-6.202665E-1
1.676000E2	9.408509E-1	-6.238016E-1
1.677000E2	9.390276E-1	-6.254718E-1
1.678000E2	9.384382E-1	-6.263383E-1
1.679000E2	9.367540E-1	-6.271069E-1
1.680000E2	9.334043E-1	-6.280482E-1
1.681000E2	9.332658E-1	-6.247624E-1
1.682000E2	9.336108E-1	-6.227756E-1
1.683000E2	9.323768E-1	-6.252901E-1
1.684000E2	9.326064E-1	-6.238851E-1
1.685000E2	9.327840E-1	-6.229197E-1
1.686000E2	9.308058E-1	-6.195523E-1
1.687000E2	9.298616E-1	-6.184746E-1
1.688000E2	9.303642E-1	-6.159563E-1
1.689000E2	9.336851E-1	-6.188489E-1
1.690000E2	9.306416E-1	-6.185993E-1
1.691000E2	9.314891E-1	-6.183456E-1
1.692000E2	9.338902E-1	-6.168763E-1
1.693000E2	9.331273E-1	-6.183011E-1
1.694000E2	9.319982E-1	-6.193049E-1
1.695000E2	9.299232E-1	-6.189215E-1
1.696000E2	9.275652E-1	-6.164169E-1
1.697000E2	9.262409E-1	-6.172860E-1
1.698000E2	9.252931E-1	-6.177327E-1
1.699000E2	9.269517E-1	-6.182931E-1
1.700000E2	9.288036E-1	-6.199961E-1
1.701000E2	9.302589E-1	-6.228739E-1
1.702000E2	9.319603E-1	-6.225379E-1
1.703000E2	9.324505E-1	-6.242834E-1
1.704000E2	9.350270E-1	-6.207150E-1
1.705000E2	9.362977E-1	-6.214177E-1
1.706000E2	9.347628E-1	-6.219344E-1
1.707000E2	9.331949E-1	-6.194851E-1
1.708000E2	9.337999E-1	-6.201683E-1
1.709000E2	9.335585E-1	-6.199819E-1
1.710000E2	9.354029E-1	-6.190176E-1
1.711000E2	9.342820E-1	-6.184967E-1
1.712000E2	9.325192E-1	-6.158386E-1
1.713000E2	9.361786E-1	-6.127015E-1
1.714000E2	9.350987E-1	-6.113640E-1
1.715000E2	9.342276E-1	-6.104977E-1
1.716000E2	9.354398E-1	-6.099378E-1
1.717000E2	9.399566E-1	-6.107411E-1
1.718000E2	9.398066E-1	-6.111908E-1
1.719000E2	9.377494E-1	-6.114359E-1
1.720000E2	9.333131E-1	-6.128208E-1
1.721000E2	9.328859E-1	-6.126999E-1
1.722000E2	9.346415E-1	-6.120009E-1
1.723000E2	9.336397E-1	-6.131191E-1
1.724000E2	9.311532E-1	-6.142132E-1
1.725000E2	9.316728E-1	-6.167040E-1
1.726000E2	9.293347E-1	-6.169650E-1
1.727000E2	9.286406E-1	-6.179393E-1
1.728000E2	9.262426E-1	-6.154384E-1
1.729000E2	9.232878E-1	-6.143985E-1
1.730000E2	9.223739E-1	-6.136131E-1
1.731000E2	9.205431E-1	-6.116820E-1
1.732000E2	9.213057E-1	-6.133712E-1
1.733000E2	9.198391E-1	-6.135660E-1
1.734000E2	9.199957E-1	-6.132303E-1
1.735000E2	9.191595E-1	-6.146199E-1
1.736000E2	9.196890E-1	-6.164643E-1
1.737000E2	9.214843E-1	-6.189711E-1
1.738000E2	9.230058E-1	-6.186262E-1
1.739000E2	9.247207E-1	-6.186591E-1
1.740000E2	9.190849E-1	-6.167138E-1
1.741000E2	9.183821E-1	-6.188154E-1
1.742000E2	9.142039E-1	-6.204618E-1
1.743000E2	9.149325E-1	-6.199424E-1
1.744000E2	9.149480E-1	-6.198936E-1
1.745000E2	9.141623E-1	-6.183948E-1
1.746000E2	9.127147E-1	-6.196568E-1
1.747000E2	9.130119E-1	-6.204533E-1
1.748000E2	9.096178E-1	-6.197091E-1
1.749000E2	9.092721E-1	-6.175477E-1
1.750000E2	9.104526E-1	-6.151433E-1
1.751000E2	9.098693E-1	-6.163692E-1
1.752000E2	9.091273E-1	-6.156579E-1
1.753000E2	9.088641E-1	-6.158711E-1
1.754000E2	9.074670E-1	-6.167030E-1
1.755000E2	9.083924E-1	-6.157574E-1
1.756000E2	9.101793E-1	-6.140737E-1
1.757000E2	9.109796E-1	-6.155768E-1
1.758000E2	9.136095E-1	-6.131266E-1
1.759000E2	9.174333E-1	-6.107224E-1
1.760000E2	9.179835E-1	-6.085897E-1
1.761000E2	9.187001E-1	-6.083177E-1
1.762000E2	9.183368E-1	-6.083390E-1
1.763000E2	9.185081E-1	-6.081845E-1
1.764000E2	9.195973E-1	-6.084462E-1
1.765000E2	9.177722E-1	-6.093599E-1
1.766000E2	9.209699E-1	-6.092586E-1
1.767000E2	9.227799E-1	-6.087254E-1
1.768000E2	9.225816E-1	-6.082653E-1
1.769000E2	9.251832E-1	-6.025207E-1
1.770000E2	9.249983E-1	-6.031077E-1
1.771000E2	9.275187E-1	-6.029707E-1
1.772000E2	9.248790E-1	-6.023175E-1
1.773000E2	9.252919E-1	-6.021435E-1
1.774000E2	9.269214E-1	-5.964368E-1
1.775000E2	9.277056E-1	-5.966012E-1
1.776000E2	9.267379E-1	-5.965844E-1
1.777000E2	9.261744E-1	-5.966845E-1
1.778000E2	9.262474E-1	-5.966786E-1
1.779000E2	9.257725E-1	-5.966366E-1
1.780000E2	9.265133E-1	-5.965553E-1
1.781000E2	9.263288E-1	-5.966481E-1
1.782000E2	9.271036E-1	-5.965847E-1
1.783000E2	9.281594E-1	-5.967458E-1
1.784000E2	9.277539E-1	-5.967238E-1
1.785000E2	9.269214E-1	-6.064317E-1
1.786000E2	9.254764E-1	-6.068950E-1
1.787000E2	9.294428E-1	-6.071782E-1
1.788000E2	9.304833E-1	-6.068509E-1
1.789000E2	9.305204E-1	-6.067703E-1
1.790000E2	9.286269E-1	-6.066544E-1
1.791000E2	9.290656E-1	-6.070937E-1
1.792000E2	9.321362E-1	-6.107773E-1
1.793000E2	9.352329E-1	-6.122477E-1
1.794000E2	9.354441E-1	-6.111824E-1
1.795000E2	9.352448E-1	-6.098861E-1
1.796000E2	9.361689E-1	-6.117319E-1
1.797000E2	9.369887E-1	-6.109262E-1
1.798000E2	9.368740E-1	-6.101906E-1
1.799000E2	9.365634E-1	-6.136879E-1
1.800000E2	9.361781E-1	-6.145958E-1
1.801000E2	9.374754E-1	-6.178589E-1
1.802000E2	9.361532E-1	-6.191801E-1
1.803000E2	9.339157E-1	-6.173928E-1
1.804000E2	9.319963E-1	-6.200406E-1
1.805000E2	9.319505E-1	-6.202202E-1
1.806000E2	9.313053E-1	-6.192375E-1
1.807000E2	9.326641E-1	-6.179357E-1
1.808000E2	9.322212E-1	-6.207815E-1
1.809000E2	9.337078E-1	-6.228836E-1
1.810000E2	9.348082E-1	-6.268727E-1
1.811000E2	9.328499E-1	-6.283726E-1
1.812000E2	9.345748E-1	-6.295112E-1
1.813000E2	9.369642E-1	-6.325863E-1
1.814000E2	9.376585E-1	-6.364274E-1
1.815000E2	9.375319E-1	-6.391990E-1
1.816000E2	9.363519E-1	-6.383632E-1
1.817000E2	9.384018E-1	-6.435565E-1
1.818000E2	9.408407E-1	-6.428627E-1
1.819000E2	9.450305E-1	-6.440357E-1
1.820000E2	9.451616E-1	-6.450476E-1
1.821000E2	9.441158E-1	-6.464295E-1
1.822000E2	9.433354E-1	-6.455654E-1
1.823000E2	9.439100E-1	-6.435271E-1
1.824000E2	9.389151E-1	-6.420428E-1
1.825000E2	9.380347E-1	-6.456233E-1
1.826000E2	9.355474E-1	-6.469286E-1
1.827000E2	9.343614E-1	-6.491932E-1
1.828000E2	9.377703E-1	-6.496807E-1
