0.000000E0	8.280310E-1	-7.207993E-1
1.000000E0	8.318694E-1	-7.232904E-1
2.000000E0	8.303046E-1	-7.220884E-1
3.000000E0	8.258835E-1	-7.306325E-1
4.000000E0	8.217791E-1	-7.271056E-1
5.000000E0	8.248423E-1	-7.380023E-1
6.000000E0	8.171041E-1	-7.388091E-1
7.000000E0	8.080332E-1	-7.353627E-1
8.000000E0	8.048452E-1	-7.261658E-1
9.000000E0	8.016724E-1	-7.273497E-1
1.000000E1	7.995360E-1	-7.186662E-1
1.100000E1	7.964708E-1	-7.130033E-1
1.200000E1	8.002046E-1	-7.168999E-1
1.300000E1	8.062031E-1	-7.130007E-1
1.400000E1	8.008688E-1	-7.218200E-1
1.500000E1	7.909839E-1	-7.222316E-1
1.600000E1	7.908459E-1	-7.236943E-1
1.700000E1	7.907360E-1	-7.262811E-1
1.800000E1	7.836222E-1	-7.246079E-1
1.900000E1	7.791679E-1	-7.173446E-1
2.000000E1	7.785557E-1	-7.096656E-1
2.100000E1	7.790463E-1	-7.058673E-1
2.200000E1	7.828961E-1	-7.022935E-1
2.300000E1	7.888059E-1	-7.040494E-1
2.400000E1	7.974457E-1	-7.130170E-1
2.500000E1	7.913089E-1	-7.157285E-1
2.600000E1	7.925318E-1	-7.137509E-1
2.700000E1	7.888087E-1	-7.069571E-1
2.800000E1	7.905938E-1	-7.085745E-1
2.900000E1	7.805671E-1	-7.171764E-1
3.000000E1	7.786190E-1	-7.171749E-1
3.100000E1	7.817129E-1	-7.200101E-1
3.200000E1	7.919519E-1	-7.204389E-1
3.300000E1	7.880304E-1	-7.226347E-1
3.400000E1	7.788239E-1	-7.212297E-1
3.500000E1	7.800281E-1	-7.239662E-1
3.600000E1	7.809051E-1	-7.231788E-1
3.700000E1	7.861622E-1	-7.145022E-1
3.800000E1	7.962812E-1	-7.231084E-1
3.900000E1	7.917007E-1	-7.273705E-1
4.000000E1	7.889945E-1	-7.161604E-1
4.100000E1	7.873462E-1	-7.134434E-1
4.200000E1	7.867616E-1	-7.086420E-1
4.300000E1	7.906482E-1	-7.108746E-1
4.400000E1	7.905579E-1	-7.089523E-1
4.500000E1	7.885069E-1	-7.059943E-1
4.600000E1	7.833711E-1	-7.064708E-1
4.700000E1	7.931290E-1	-7.007316E-1
4.800000E1	8.075018E-1	-6.889826E-1
4.900000E1	8.136387E-1	-6.871548E-1
5.000000E1	8.082768E-1	-6.874681E-1
5.100000E1	8.021089E-1	-6.870283E-1
5.200000E1	7.952086E-1	-6.924561E-1
5.300000E1	7.874507E-1	-7.031098E-1
5.400000E1	7.886295E-1	-6.939601E-1
5.500000E1	7.884302E-1	-6.988863E-1
5.600000E1	8.006368E-1	-6.895522E-1
5.700000E1	8.066329E-1	-6.890469E-1
5.800000E1	8.126271E-1	-6.893756E-1
5.900000E1	8.146029E-1	-6.909336E-1
6.000000E1	8.225538E-1	-6.812008E-1
6.100000E1	8.257710E-1	-6.778140E-1
6.200000E1	8.233017E-1	-6.897866E-1
6.300000E1	8.107883E-1	-6.820787E-1
6.400000E1	8.047874E-1	-6.774668E-1
6.500000E1	8.048609E-1	-6.877569E-1
6.600000E1	8.081915E-1	-6.863166E-1
6.700000E1	8.118105E-1	-6.844022E-1
6.800000E1	8.121036E-1	-6.764919E-1
6.900000E1	8.140433E-1	-6.706565E-1
7.000000E1	8.077044E-1	-6.678629E-1
7.100000E1	8.117619E-1	-6.622015E-1
7.200000E1	8.097745E-1	-6.667908E-1
7.300000E1	8.111462E-1	-6.711192E-1
7.400000E1	8.116279E-1	-6.813541E-1
7.500000E1	7.920973E-1	-6.943086E-1
7.600000E1	7.881799E-1	-7.030384E-1
7.700000E1	7.936778E-1	-6.907488E-1
7.800000E1	8.063414E-1	-6.915384E-1
7.900000E1	8.109636E-1	-6.806932E-1
8.000000E1	8.155735E-1	-6.858585E-1
8.100000E1	8.216365E-1	-6.905511E-1
8.200000E1	8.252964E-1	-7.009251E-1
8.300000E1	8.210138E-1	-7.032027E-1
8.400000E1	8.202165E-1	-7.028028E-1
8.500000E1	8.220419E-1	-7.051192E-1
8.600000E1	8.149073E-1	-7.106576E-1
8.700000E1	8.222979E-1	-7.127030E-1
8.800000E1	8.113388E-1	-7.126092E-1
8.900000E1	8.198850E-1	-7.133509E-1
9.000000E1	8.172803E-1	-7.135580E-1
9.100000E1	8.247542E-1	-7.014500E-1
9.200000E1	8.178206E-1	-7.015383E-1
9.300000E1	8.241152E-1	-7.017867E-1
9.400000E1	8.193292E-1	-7.075927E-1
9.500000E1	8.203008E-1	-7.088246E-1
9.600000E1	8.270162E-1	-7.071294E-1
9.700000E1	8.318179E-1	-7.095282E-1
9.800000E1	8.276674E-1	-7.107915E-1
9.900000E1	8.201301E-1	-6.984396E-1
1.000000E2	8.244142E-1	-6.939995E-1
1.010000E2	8.204502E-1	-6.904657E-1
1.020000E2	8.139129E-1	-6.945503E-1
1.030000E2	8.080193E-1	-6.951928E-1
1.040000E2	8.032533E-1	-6.974751E-1
1.050000E2	8.095998E-1	-7.011419E-1
1.060000E2	8.122136E-1	-7.075833E-1
1.070000E2	8.068214E-1	-7.091357E-1
1.080000E2	8.063954E-1	-7.082991E-1
1.090000E2	8.095637E-1	-7.074416E-1
1.100000E2	8.079230E-1	-6.977733E-1
1.110000E2	8.114877E-1	-6.986252E-1
1.120000E2	8.112514E-1	-7.004731E-1
1.130000E2	8.202788E-1	-7.120145E-1
1.140000E2	8.250486E-1	-7.123763E-1
1.150000E2	8.247676E-1	-7.182280E-1
1.160000E2	8.223817E-1	-7.179635E-1
1.170000E2	8.187360E-1	-7.108463E-1
1.180000E2	8.150529E-1	-6.963643E-1
1.190000E2	8.195564E-1	-6.880337E-1
1.200000E2	8.082797E-1	-6.916384E-1
1.210000E2	8.059463E-1	-6.927114E-1
1.220000E2	8.132089E-1	-6.891820E-1
1.230000E2	8.109474E-1	-6.965897E-1
1.240000E2	8.011957E-1	-6.906367E-1
1.250000E2	8.057853E-1	-6.936320E-1
1.260000E2	8.045267E-1	-6.977225E-1
1.270000E2	8.037364E-1	-7.081443E-1
1.280000E2	7.986261E-1	-7.062920E-1
1.290000E2	7.993586E-1	-7.119184E-1
1.300000E2	7.987440E-1	-7.080244E-1
1.310000E2	7.924608E-1	-7.043298E-1
1.320000E2	7.823876E-1	-7.026561E-1
1.330000E2	7.866078E-1	-7.035288E-1
1.340000E2	7.857719E-1	-7.017146E-1
1.350000E2	7.853245E-1	-6.997703E-1
1.360000E2	7.815500E-1	-6.948440E-1
1.370000E2	7.721742E-1	-7.087051E-1
1.380000E2	7.653553E-1	-7.068309E-1
1.390000E2	7.662187E-1	-7.101972E-1
1.400000E2	7.573264E-1	-7.090536E-1
1.410000E2	7.510451E-1	-7.025425E-1
1.420000E2	7.492361E-1	-6.966647E-1
1.430000E2	7.467508E-1	-6.910976E-1
1.440000E2	7.493988E-1	-6.958913E-1
1.450000E2	7.533669E-1	-6.908872E-1
1.460000E2	7.545493E-1	-6.833339E-1
1.470000E2	7.542288E-1	-6.742884E-1
1.480000E2	7.543688E-1	-6.680688E-1
1.490000E2	7.629521E-1	-6.726974E-1
1.500000E2	7.606556E-1	-6.801699E-1
1.510000E2	7.587020E-1	-6.819283E-1
1.520000E2	7.538316E-1	-6.770086E-1
1.530000E2	7.471473E-1	-6.723485E-1
1.540000E2	7.412113E-1	-6.800035E-1
1.550000E2	7.411141E-1	-6.854726E-1
1.560000E2	7.390582E-1	-6.954675E-1
1.570000E2	7.417196E-1	-7.042582E-1
1.580000E2	7.414977E-1	-7.049342E-1
1.590000E2	7.399478E-1	-7.096791E-1
1.600000E2	7.424763E-1	-7.105811E-1
1.610000E2	7.407796E-1	-7.087624E-1
1.620000E2	7.416803E-1	-7.059290E-1
1.630000E2	7.407083E-1	-7.023819E-1
1.640000E2	7.402186E-1	-7.006167E-1
1.650000E2	7.444000E-1	-6.948415E-1
1.660000E2	7.345836E-1	-6.939590E-1
1.670000E2	7.283455E-1	-6.986378E-1
1.680000E2	7.227254E-1	-7.012243E-1
1.690000E2	7.239234E-1	-6.992685E-1
1.700000E2	7.218569E-1	-6.928680E-1
1.710000E2	7.234949E-1	-6.987777E-1
1.720000E2	7.215268E-1	-6.999764E-1
1.730000E2	7.236148E-1	-6.989072E-1
1.740000E2	7.285896E-1	-6.977496E-1
1.750000E2	7.287331E-1	-6.925464E-1
1.760000E2	7.206801E-1	-6.894122E-1
1.770000E2	7.173258E-1	-6.900657E-1
1.780000E2	7.166889E-1	-6.805648E-1
1.790000E2	7.222620E-1	-6.763970E-1
1.800000E2	7.198434E-1	-6.797775E-1
1.810000E2	7.225729E-1	-6.753891E-1
