0.000000E0	-1.647725E-1	-1.081683E-1
1.000000E0	-1.664278E-1	-1.071000E-1
2.000000E0	-1.640180E-1	-1.127649E-1
3.000000E0	-1.695655E-1	-1.138974E-1
4.000000E0	-1.709286E-1	-1.229757E-1
5.000000E0	-1.686495E-1	-1.205747E-1
6.000000E0	-1.756281E-1	-1.275533E-1
7.000000E0	-1.641096E-1	-1.375133E-1
8.000000E0	-1.616069E-1	-1.394263E-1
9.000000E0	-1.659910E-1	-1.346239E-1
1.000000E1	-1.725396E-1	-1.288382E-1
1.100000E1	-1.609574E-1	-1.236539E-1
1.200000E1	-1.631583E-1	-1.202001E-1
1.300000E1	-1.578167E-1	-1.147364E-1
1.400000E1	-1.556952E-1	-1.107018E-1
1.500000E1	-1.635153E-1	-1.137754E-1
1.600000E1	-1.642727E-1	-1.124030E-1
1.700000E1	-1.704045E-1	-1.092426E-1
1.800000E1	-1.702770E-1	-1.089119E-1
1.900000E1	-1.696375E-1	-1.150995E-1
2.000000E1	-1.731684E-1	-1.164393E-1
2.100000E1	-1.741947E-1	-1.129517E-1
2.200000E1	-1.699144E-1	-1.081377E-1
2.300000E1	-1.748816E-1	-1.000614E-1
2.400000E1	-1.775098E-1	-1.042794E-1
2.500000E1	-1.779067E-1	-9.265288E-2
2.600000E1	-1.784748E-1	-8.999645E-2
2.700000E1	-1.730059E-1	-9.418108E-2
2.800000E1	-1.805657E-1	-9.471783E-2
2.900000E1	-1.627899E-1	-1.021248E-1
3.000000E1	-1.642809E-1	-1.064988E-1
3.100000E1	-1.632682E-1	-1.085994E-1
3.200000E1	-1.695876E-1	-1.141818E-1
3.300000E1	-1.705379E-1	-1.101904E-1
3.400000E1	-1.717848E-1	-1.053029E-1
3.500000E1	-1.700871E-1	-9.415718E-2
3.600000E1	-1.628830E-1	-9.476772E-2
3.700000E1	-1.634631E-1	-1.060784E-1
3.800000E1	-1.805796E-1	-1.162287E-1
3.900000E1	-1.853002E-1	-1.157655E-1
4.000000E1	-1.921440E-1	-1.189461E-1
4.100000E1	-1.909945E-1	-1.198317E-1
4.200000E1	-1.956533E-1	-1.164599E-1
4.300000E1	-1.894602E-1	-1.105293E-1
4.400000E1	-1.851683E-1	-1.155199E-1
4.500000E1	-1.769515E-1	-1.116583E-1
4.600000E1	-1.794024E-1	-1.172597E-1
4.700000E1	-1.870364E-1	-1.124500E-1
4.800000E1	-1.834669E-1	-1.205657E-1
4.900000E1	-1.865810E-1	-1.200840E-1
5.000000E1	-1.891643E-1	-1.217542E-1
5.100000E1	-1.789478E-1	-1.259007E-1
5.200000E1	-1.857444E-1	-1.215729E-1
5.300000E1	-1.900374E-1	-1.145838E-1
5.400000E1	-1.897083E-1	-1.284921E-1
5.500000E1	-1.889658E-1	-1.264684E-1
5.600000E1	-1.951652E-1	-1.258935E-1
5.700000E1	-2.082705E-1	-1.212212E-1
5.800000E1	-2.048969E-1	-1.182436E-1
5.900000E1	-2.023077E-1	-1.109961E-1
6.000000E1	-1.968973E-1	-1.123531E-1
6.100000E1	-1.983352E-1	-1.079691E-1
6.200000E1	-1.973402E-1	-1.032293E-1
6.300000E1	-2.062904E-1	-1.057431E-1
6.400000E1	-2.215204E-1	-1.089872E-1
6.500000E1	-2.254247E-1	-1.198645E-1
6.600000E1	-2.249101E-1	-1.157623E-1
6.700000E1	-2.343082E-1	-1.155376E-1
6.800000E1	-2.289092E-1	-1.258487E-1
6.900000E1	-2.404453E-1	-1.280917E-1
7.000000E1	-2.459665E-1	-1.246685E-1
7.100000E1	-2.375307E-1	-1.268344E-1
7.200000E1	-2.450310E-1	-1.179399E-1
7.300000E1	-2.483568E-1	-1.201348E-1
7.400000E1	-2.552267E-1	-1.173914E-1
7.500000E1	-2.401701E-1	-1.202865E-1
7.600000E1	-2.404650E-1	-1.296555E-1
7.700000E1	-2.325648E-1	-1.192156E-1
7.800000E1	-2.337564E-1	-1.013499E-1
7.900000E1	-2.287266E-1	-1.053037E-1
8.000000E1	-2.287291E-1	-9.773434E-2
8.100000E1	-2.314339E-1	-8.315260E-2
8.200000E1	-2.222850E-1	-8.674146E-2
8.300000E1	-2.193978E-1	-7.978724E-2
8.400000E1	-2.165428E-1	-8.123482E-2
8.500000E1	-2.089129E-1	-8.497092E-2
8.600000E1	-2.178366E-1	-8.640753E-2
8.700000E1	-2.192153E-1	-8.185603E-2
8.800000E1	-2.139501E-1	-8.512151E-2
8.900000E1	-2.123828E-1	-8.375166E-2
9.000000E1	-2.222307E-1	-8.559320E-2
9.100000E1	-2.232217E-1	-8.892755E-2
9.200000E1	-2.299718E-1	-9.064868E-2
9.300000E1	-2.292721E-1	-9.877778E-2
9.400000E1	-2.352176E-1	-9.514694E-2
9.500000E1	-2.230588E-1	-8.755223E-2
9.600000E1	-2.241810E-1	-8.995346E-2
9.700000E1	-2.223744E-1	-8.831652E-2
9.800000E1	-2.189783E-1	-8.214275E-2
9.900000E1	-2.349302E-1	-8.502775E-2
1.000000E2	-2.336501E-1	-8.299581E-2
1.010000E2	-2.350370E-1	-8.709713E-2
1.020000E2	-2.340523E-1	-8.539937E-2
1.030000E2	-2.406230E-1	-8.179067E-2
1.040000E2	-2.410649E-1	-8.095010E-2
1.050000E2	-2.343875E-1	-7.690036E-2
1.060000E2	-2.354496E-1	-7.700850E-2
1.070000E2	-2.388451E-1	-7.169055E-2
1.080000E2	-2.391330E-1	-8.075593E-2
1.090000E2	-2.293891E-1	-7.248511E-2
1.100000E2	-2.383167E-1	-7.789388E-2
1.110000E2	-2.351141E-1	-8.187882E-2
1.120000E2	-2.396881E-1	-8.661384E-2
1.130000E2	-2.281201E-1	-8.248362E-2
1.140000E2	-2.228663E-1	-8.438701E-2
1.150000E2	-2.287847E-1	-8.021495E-2
1.160000E2	-2.329707E-1	-8.479001E-2
1.170000E2	-2.407356E-1	-8.170861E-2
1.180000E2	-2.446304E-1	-8.335857E-2
1.190000E2	-2.382100E-1	-8.395005E-2
1.200000E2	-2.369047E-1	-7.433932E-2
1.210000E2	-2.395985E-1	-8.116953E-2
1.220000E2	-2.306505E-1	-7.168673E-2
1.230000E2	-2.280118E-1	-7.212207E-2
1.240000E2	-2.197133E-1	-7.841208E-2
1.250000E2	-2.186469E-1	-8.181643E-2
1.260000E2	-2.202431E-1	-7.566540E-2
1.270000E2	-2.124991E-1	-8.087749E-2
1.280000E2	-2.074329E-1	-7.666334E-2
1.290000E2	-2.104911E-1	-7.002986E-2
1.300000E2	-1.961866E-1	-7.018079E-2
1.310000E2	-1.929259E-1	-7.674025E-2
1.320000E2	-1.948115E-1	-6.941988E-2
1.330000E2	-1.970377E-1	-7.127474E-2
1.340000E2	-2.015166E-1	-7.406203E-2
1.350000E2	-1.980536E-1	-7.651451E-2
1.360000E2	-2.017498E-1	-6.938502E-2
1.370000E2	-2.117872E-1	-7.006687E-2
1.380000E2	-2.125930E-1	-5.872859E-2
1.390000E2	-2.128408E-1	-6.255241E-2
1.400000E2	-2.186863E-1	-6.521989E-2
1.410000E2	-2.213404E-1	-5.485835E-2
1.420000E2	-2.230272E-1	-3.847746E-2
1.430000E2	-2.212227E-1	-3.425457E-2
1.440000E2	-2.212539E-1	-3.387140E-2
1.450000E2	-2.137232E-1	-3.387197E-2
1.460000E2	-2.053027E-1	-3.944567E-2
1.470000E2	-2.129094E-1	-4.309822E-2
1.480000E2	-2.132992E-1	-3.729713E-2
1.490000E2	-2.155775E-1	-4.240834E-2
1.500000E2	-2.096252E-1	-4.303108E-2
1.510000E2	-2.094423E-1	-3.979525E-2
1.520000E2	-2.073086E-1	-4.376289E-2
1.530000E2	-2.041027E-1	-4.270656E-2
1.540000E2	-2.047376E-1	-5.169655E-2
1.550000E2	-1.976130E-1	-4.690740E-2
1.560000E2	-1.988019E-1	-4.546244E-2
1.570000E2	-1.969135E-1	-3.786238E-2
1.580000E2	-2.037767E-1	-4.309147E-2
1.590000E2	-2.037847E-1	-4.793434E-2
1.600000E2	-2.036770E-1	-4.520212E-2
1.610000E2	-2.039091E-1	-3.913322E-2
1.620000E2	-2.063273E-1	-3.647272E-2
1.630000E2	-2.022307E-1	-4.200411E-2
1.640000E2	-1.982123E-1	-4.565412E-2
1.650000E2	-2.054624E-1	-5.012042E-2
1.660000E2	-2.019731E-1	-5.120604E-2
1.670000E2	-1.967495E-1	-6.199492E-2
1.680000E2	-2.007314E-1	-6.261526E-2
1.690000E2	-2.094145E-1	-7.279263E-2
1.700000E2	-2.055141E-1	-6.936863E-2
1.710000E2	-2.032372E-1	-6.585287E-2
1.720000E2	-2.050107E-1	-6.008194E-2
1.730000E2	-2.001506E-1	-5.404051E-2
1.740000E2	-1.899218E-1	-5.548861E-2
1.750000E2	-1.956640E-1	-5.527218E-2
1.760000E2	-1.892059E-1	-5.175295E-2
1.770000E2	-2.014064E-1	-5.057523E-2
1.780000E2	-2.010699E-1	-5.300716E-2
1.790000E2	-2.008198E-1	-5.998096E-2
1.800000E2	-2.006559E-1	-5.807453E-2
1.810000E2	-1.959255E-1	-5.141768E-2
1.820000E2	-1.956221E-1	-4.495493E-2
1.830000E2	-1.956153E-1	-3.920825E-2
1.840000E2	-2.026007E-1	-3.968596E-2
1.850000E2	-2.016642E-1	-3.723742E-2
