0.000000E0	3.453400E-4	-1.087821E-1
1.000000E0	-1.335860E-3	-1.023279E-1
2.000000E0	-6.441028E-3	-9.167303E-2
3.000000E0	-1.408164E-2	-9.322610E-2
4.000000E0	-2.509615E-2	-9.192208E-2
5.000000E0	-3.607047E-2	-9.213163E-2
6.000000E0	-3.162371E-2	-9.257270E-2
7.000000E0	-3.357157E-2	-1.005555E-1
8.000000E0	-2.849077E-2	-9.233628E-2
9.000000E0	-1.413147E-2	-1.077868E-1
1.000000E1	-2.245172E-2	-1.023761E-1
1.100000E1	-2.167233E-2	-9.233665E-2
1.200000E1	-2.525401E-2	-8.905238E-2
1.300000E1	-2.399897E-2	-9.308482E-2
1.400000E1	-3.084220E-2	-1.032325E-1
1.500000E1	-3.186374E-2	-8.921852E-2
1.600000E1	-2.932723E-2	-8.960413E-2
1.700000E1	-2.185156E-2	-9.136189E-2
1.800000E1	-2.364185E-2	-9.765545E-2
1.900000E1	-2.761980E-2	-8.976212E-2
2.000000E1	-2.939192E-2	-1.025523E-1
2.100000E1	-3.055257E-2	-1.079389E-1
2.200000E1	-2.622396E-2	-1.149739E-1
2.300000E1	-3.232652E-2	-1.207999E-1
2.400000E1	-4.328872E-2	-1.147824E-1
2.500000E1	-3.698058E-2	-1.179952E-1
2.600000E1	-3.081567E-2	-1.155291E-1
2.700000E1	-4.351089E-2	-1.169255E-1
2.800000E1	-4.841692E-2	-1.209645E-1
2.900000E1	-4.597721E-2	-1.209287E-1
3.000000E1	-4.327336E-2	-1.146384E-1
3.100000E1	-4.617865E-2	-1.141194E-1
3.200000E1	-4.322998E-2	-1.169749E-1
3.300000E1	-4.011661E-2	-1.223930E-1
3.400000E1	-3.301016E-2	-1.220332E-1
3.500000E1	-3.124680E-2	-1.230857E-1
3.600000E1	-3.159193E-2	-1.241075E-1
3.700000E1	-3.733925E-2	-1.152942E-1
3.800000E1	-4.963936E-2	-1.234538E-1
3.900000E1	-4.930203E-2	-1.209316E-1
4.000000E1	-5.324891E-2	-1.233777E-1
4.100000E1	-5.066051E-2	-1.229723E-1
4.200000E1	-5.892650E-2	-1.259933E-1
4.300000E1	-7.402798E-2	-1.214368E-1
4.400000E1	-7.402292E-2	-1.182994E-1
4.500000E1	-7.374457E-2	-1.068381E-1
4.600000E1	-8.446785E-2	-1.061607E-1
4.700000E1	-9.067763E-2	-9.977370E-2
4.800000E1	-9.440143E-2	-1.145397E-1
4.900000E1	-1.067646E-1	-1.180217E-1
5.000000E1	-1.023934E-1	-1.226129E-1
5.100000E1	-1.078334E-1	-1.270337E-1
5.200000E1	-1.052050E-1	-1.333018E-1
5.300000E1	-1.003139E-1	-1.404822E-1
5.400000E1	-9.974580E-2	-1.330742E-1
5.500000E1	-9.493009E-2	-1.356317E-1
5.600000E1	-8.920435E-2	-1.310653E-1
5.700000E1	-8.945295E-2	-1.339640E-1
5.800000E1	-9.377062E-2	-1.256067E-1
5.900000E1	-9.470583E-2	-1.283198E-1
6.000000E1	-9.107113E-2	-1.381307E-1
6.100000E1	-9.660604E-2	-1.419742E-1
6.200000E1	-9.855679E-2	-1.382538E-1
6.300000E1	-1.054880E-1	-1.386895E-1
6.400000E1	-9.131040E-2	-1.409074E-1
6.500000E1	-9.571616E-2	-1.414006E-1
6.600000E1	-9.669571E-2	-1.411499E-1
6.700000E1	-9.366076E-2	-1.434385E-1
6.800000E1	-9.266005E-2	-1.337959E-1
6.900000E1	-8.149446E-2	-1.392628E-1
7.000000E1	-9.098587E-2	-1.330098E-1
7.100000E1	-9.499697E-2	-1.427853E-1
7.200000E1	-1.011124E-1	-1.499325E-1
7.300000E1	-9.979776E-2	-1.446282E-1
7.400000E1	-9.325082E-2	-1.526348E-1
7.500000E1	-9.453518E-2	-1.515437E-1
7.600000E1	-9.478324E-2	-1.531825E-1
7.700000E1	-8.303542E-2	-1.636325E-1
7.800000E1	-8.885744E-2	-1.685050E-1
7.900000E1	-9.198504E-2	-1.649395E-1
8.000000E1	-7.994484E-2	-1.716754E-1
8.100000E1	-7.973711E-2	-1.570937E-1
8.200000E1	-8.853959E-2	-1.585042E-1
8.300000E1	-8.677933E-2	-1.553092E-1
8.400000E1	-9.457836E-2	-1.581010E-1
8.500000E1	-8.762875E-2	-1.557149E-1
8.600000E1	-7.972828E-2	-1.610785E-1
8.700000E1	-8.320938E-2	-1.560220E-1
8.800000E1	-9.553050E-2	-1.503962E-1
8.900000E1	-8.907872E-2	-1.503512E-1
9.000000E1	-8.059899E-2	-1.433584E-1
9.100000E1	-8.230185E-2	-1.332864E-1
9.200000E1	-8.032542E-2	-1.287141E-1
9.300000E1	-8.844653E-2	-1.258994E-1
9.400000E1	-8.994061E-2	-1.266065E-1
9.500000E1	-9.081139E-2	-1.305533E-1
9.600000E1	-8.556277E-2	-1.302086E-1
9.700000E1	-8.613647E-2	-1.247821E-1
9.800000E1	-8.362126E-2	-1.178424E-1
9.900000E1	-7.908511E-2	-1.111808E-1
1.000000E2	-8.294950E-2	-1.041984E-1
1.010000E2	-8.523637E-2	-1.016672E-1
1.020000E2	-9.029591E-2	-9.662396E-2
1.030000E2	-9.107718E-2	-9.692452E-2
1.040000E2	-9.438010E-2	-9.213005E-2
1.050000E2	-1.003279E-1	-8.579861E-2
1.060000E2	-9.626418E-2	-7.525984E-2
1.070000E2	-9.633375E-2	-6.438044E-2
1.080000E2	-1.009689E-1	-6.812838E-2
1.090000E2	-1.021920E-1	-6.818247E-2
1.100000E2	-1.109193E-1	-7.370884E-2
1.110000E2	-1.045051E-1	-7.666548E-2
1.120000E2	-1.180339E-1	-7.522618E-2
1.130000E2	-1.205544E-1	-8.577364E-2
1.140000E2	-1.130427E-1	-9.396942E-2
1.150000E2	-1.152284E-1	-9.681957E-2
1.160000E2	-1.175209E-1	-9.930228E-2
1.170000E2	-1.239646E-1	-1.016475E-1
1.180000E2	-1.200827E-1	-1.015744E-1
1.190000E2	-1.152233E-1	-9.179915E-2
1.200000E2	-1.201031E-1	-8.287442E-2
1.210000E2	-1.186818E-1	-8.332147E-2
1.220000E2	-1.197604E-1	-7.456905E-2
1.230000E2	-1.131718E-1	-7.083765E-2
1.240000E2	-1.132723E-1	-6.534292E-2
1.250000E2	-1.200176E-1	-6.169134E-2
1.260000E2	-1.195623E-1	-5.891811E-2
1.270000E2	-1.225522E-1	-5.646496E-2
1.280000E2	-1.207715E-1	-4.477573E-2
1.290000E2	-1.206647E-1	-2.981338E-2
1.300000E2	-1.235359E-1	-2.678175E-2
1.310000E2	-1.191423E-1	-5.525440E-3
1.320000E2	-1.194469E-1	-5.590263E-3
1.330000E2	-1.225957E-1	-1.277758E-2
1.340000E2	-1.187970E-1	1.726700E-3
1.350000E2	-1.160342E-1	-4.834760E-3
1.360000E2	-1.126992E-1	-5.083235E-3
1.370000E2	-1.115448E-1	-1.726700E-2
1.380000E2	-1.115448E-1	-3.660604E-2
1.390000E2	-1.146353E-1	-3.807514E-2
1.400000E2	-1.203311E-1	-2.907316E-2
1.410000E2	-1.317290E-1	-3.941026E-2
1.420000E2	-1.292708E-1	-3.633461E-2
1.430000E2	-1.259192E-1	-4.415519E-2
1.440000E2	-1.235690E-1	-4.146377E-2
1.450000E2	-1.224819E-1	-4.949097E-2
1.460000E2	-1.181331E-1	-5.949013E-2
1.470000E2	-1.219128E-1	-5.701805E-2
1.480000E2	-1.242859E-1	-5.371071E-2
1.490000E2	-1.207841E-1	-7.087016E-2
1.500000E2	-1.294079E-1	-6.633962E-2
1.510000E2	-1.240823E-1	-7.119375E-2
1.520000E2	-1.181278E-1	-8.607439E-2
1.530000E2	-1.143403E-1	-9.139529E-2
1.540000E2	-1.183177E-1	-1.040606E-1
1.550000E2	-1.208519E-1	-1.022086E-1
1.560000E2	-1.217057E-1	-1.043163E-1
1.570000E2	-1.127875E-1	-1.011662E-1
1.580000E2	-1.144400E-1	-9.262911E-2
1.590000E2	-1.080345E-1	-1.046195E-1
1.600000E2	-1.036688E-1	-1.029245E-1
1.610000E2	-1.035084E-1	-1.017692E-1
1.620000E2	-1.084300E-1	-1.123544E-1
1.630000E2	-1.114164E-1	-1.054554E-1
1.640000E2	-9.524405E-2	-1.057978E-1
1.650000E2	-9.626061E-2	-1.013889E-1
1.660000E2	-9.176726E-2	-1.038886E-1
1.670000E2	-8.889938E-2	-9.831587E-2
1.680000E2	-8.964521E-2	-1.067886E-1
1.690000E2	-8.367588E-2	-9.464387E-2
1.700000E2	-9.233644E-2	-9.992191E-2
1.710000E2	-9.170237E-2	-9.807535E-2
1.720000E2	-9.165465E-2	-1.020850E-1
1.730000E2	-8.008185E-2	-1.059853E-1
1.740000E2	-7.806861E-2	-1.030967E-1
1.750000E2	-8.532904E-2	-1.193395E-1
1.760000E2	-8.083836E-2	-1.170675E-1
1.770000E2	-8.482433E-2	-1.204163E-1
1.780000E2	-8.656927E-2	-1.192600E-1
1.790000E2	-8.142034E-2	-1.241272E-1
1.800000E2	-7.904613E-2	-1.278085E-1
1.810000E2	-8.639822E-2	-1.248951E-1
1.820000E2	-8.510207E-2	-1.238337E-1
