0.000000E0	-3.168169E-1	5.002083E-1
1.000000E-1	-3.172626E-1	5.007705E-1
2.000000E-1	-3.169474E-1	5.035281E-1
3.000000E-1	-3.191116E-1	5.038376E-1
4.000000E-1	-3.177517E-1	5.040946E-1
5.000000E-1	-3.171197E-1	5.051868E-1
6.000000E-1	-3.170552E-1	5.046420E-1
7.000000E-1	-3.199306E-1	5.045027E-1
8.000000E-1	-3.218092E-1	5.037746E-1
9.000000E-1	-3.216831E-1	5.038427E-1
1.000000E0	-3.216793E-1	5.033074E-1
1.100000E0	-3.191046E-1	5.021560E-1
1.200000E0	-3.180077E-1	5.008312E-1
1.300000E0	-3.182913E-1	5.013400E-1
1.400000E0	-3.173602E-1	4.997791E-1
1.500000E0	-3.179255E-1	4.973407E-1
1.600000E0	-3.170469E-1	4.976547E-1
1.700000E0	-3.158026E-1	4.977611E-1
1.800000E0	-3.146841E-1	4.976840E-1
1.900000E0	-3.165435E-1	5.000721E-1
2.000000E0	-3.173231E-1	5.014477E-1
2.100000E0	-3.152672E-1	5.054721E-1
2.200000E0	-3.152242E-1	5.084425E-1
2.300000E0	-3.162702E-1	5.073873E-1
2.400000E0	-3.166186E-1	5.082208E-1
2.500000E0	-3.153107E-1	5.088592E-1
2.600000E0	-3.175092E-1	5.078259E-1
2.700000E0	-3.182991E-1	5.088025E-1
2.800000E0	-3.165500E-1	5.098452E-1
2.900000E0	-3.189367E-1	5.100439E-1
3.000000E0	-3.168667E-1	5.109256E-1
3.100000E0	-3.148753E-1	5.117949E-1
3.200000E0	-3.136159E-1	5.127099E-1
3.300000E0	-3.132607E-1	5.117962E-1
3.400000E0	-3.134316E-1	5.109464E-1
3.500000E0	-3.161343E-1	5.149691E-1
3.600000E0	-3.159920E-1	5.148195E-1
3.700000E0	-3.143953E-1	5.160203E-1
3.800000E0	-3.153980E-1	5.151551E-1
3.900000E0	-3.115062E-1	5.148573E-1
4.000000E0	-3.123984E-1	5.141381E-1
4.100000E0	-3.121744E-1	5.139309E-1
4.200000E0	-3.139832E-1	5.121489E-1
4.300000E0	-3.119594E-1	5.100361E-1
4.400000E0	-3.075228E-1	5.105224E-1
4.500000E0	-3.069420E-1	5.126850E-1
4.600000E0	-3.076583E-1	5.145453E-1
4.700000E0	-3.086411E-1	5.168421E-1
4.800000E0	-3.099635E-1	5.153580E-1
4.900000E0	-3.108089E-1	5.155520E-1
5.000000E0	-3.115825E-1	5.160845E-1
5.100000E0	-3.134152E-1	5.159209E-1
5.200000E0	-3.134435E-1	5.159393E-1
5.300000E0	-3.157944E-1	5.157659E-1
5.400000E0	-3.166600E-1	5.162234E-1
5.500000E0	-3.185506E-1	5.144977E-1
5.600000E0	-3.211121E-1	5.142881E-1
5.700000E0	-3.229410E-1	5.142250E-1
5.800000E0	-3.201145E-1	5.140174E-1
5.900000E0	-3.228010E-1	5.140228E-1
6.000000E0	-3.243252E-1	5.122982E-1
6.100000E0	-3.269409E-1	5.121769E-1
6.200000E0	-3.297820E-1	5.125572E-1
6.300000E0	-3.296020E-1	5.126219E-1
6.400000E0	-3.304852E-1	5.125060E-1
6.500000E0	-3.325102E-1	5.141697E-1
6.600000E0	-3.334550E-1	5.160975E-1
6.700000E0	-3.344915E-1	5.171094E-1
6.800000E0	-3.340376E-1	5.167714E-1
6.900000E0	-3.334550E-1	5.168421E-1
7.000000E0	-3.318051E-1	5.169419E-1
7.100000E0	-3.318101E-1	5.192697E-1
7.200000E0	-3.296857E-1	5.197068E-1
7.300000E0	-3.304000E-1	5.206714E-1
7.400000E0	-3.308434E-1	5.210240E-1
7.500000E0	-3.301945E-1	5.205165E-1
7.600000E0	-3.304618E-1	5.231176E-1
7.700000E0	-3.321515E-1	5.234387E-1
7.800000E0	-3.313631E-1	5.219223E-1
7.900000E0	-3.309231E-1	5.247605E-1
8.000000E0	-3.311370E-1	5.278698E-1
8.100000E0	-3.308715E-1	5.290543E-1
8.200000E0	-3.318425E-1	5.276428E-1
8.300000E0	-3.320056E-1	5.273162E-1
8.400000E0	-3.304835E-1	5.274208E-1
8.500000E0	-3.302791E-1	5.251928E-1
8.600000E0	-3.295639E-1	5.238975E-1
8.700000E0	-3.296661E-1	5.261073E-1
8.800000E0	-3.297435E-1	5.281523E-1
8.900000E0	-3.275307E-1	5.278133E-1
9.000000E0	-3.293071E-1	5.272478E-1
9.100000E0	-3.305560E-1	5.280721E-1
9.200000E0	-3.288523E-1	5.273534E-1
9.300000E0	-3.298405E-1	5.290133E-1
9.400000E0	-3.306219E-1	5.312847E-1
9.500000E0	-3.321639E-1	5.280720E-1
9.600000E0	-3.325822E-1	5.303192E-1
9.700000E0	-3.326656E-1	5.312232E-1
9.800000E0	-3.331871E-1	5.316139E-1
9.900000E0	-3.312443E-1	5.352083E-1
1.000000E1	-3.286569E-1	5.386181E-1
1.010000E1	-3.283173E-1	5.367303E-1
1.020000E1	-3.278426E-1	5.363525E-1
1.030000E1	-3.277297E-1	5.339649E-1
1.040000E1	-3.279395E-1	5.317636E-1
1.050000E1	-3.301744E-1	5.329204E-1
1.060000E1	-3.293887E-1	5.322405E-1
1.070000E1	-3.298780E-1	5.333974E-1
1.080000E1	-3.285727E-1	5.320179E-1
1.090000E1	-3.295171E-1	5.301972E-1
1.100000E1	-3.268699E-1	5.291455E-1
1.110000E1	-3.272472E-1	5.304044E-1
1.120000E1	-3.252294E-1	5.302063E-1
1.130000E1	-3.221784E-1	5.326325E-1
1.140000E1	-3.210766E-1	5.319079E-1
1.150000E1	-3.213149E-1	5.328759E-1
1.160000E1	-3.214896E-1	5.337738E-1
1.170000E1	-3.234142E-1	5.342805E-1
1.180000E1	-3.233656E-1	5.346412E-1
1.190000E1	-3.227731E-1	5.345322E-1
1.200000E1	-3.220530E-1	5.337760E-1
1.210000E1	-3.240086E-1	5.375573E-1
1.220000E1	-3.258387E-1	5.426891E-1
1.230000E1	-3.254884E-1	5.409222E-1
1.240000E1	-3.267966E-1	5.400621E-1
1.250000E1	-3.245332E-1	5.386936E-1
1.260000E1	-3.244310E-1	5.395468E-1
1.270000E1	-3.269999E-1	5.397657E-1
1.280000E1	-3.251450E-1	5.417259E-1
1.290000E1	-3.243014E-1	5.429236E-1
1.300000E1	-3.252015E-1	5.408078E-1
1.310000E1	-3.257398E-1	5.397847E-1
1.320000E1	-3.264259E-1	5.383506E-1
1.330000E1	-3.294081E-1	5.369062E-1
1.340000E1	-3.308391E-1	5.356603E-1
1.350000E1	-3.340278E-1	5.380124E-1
1.360000E1	-3.348906E-1	5.402271E-1
1.370000E1	-3.355290E-1	5.388448E-1
1.380000E1	-3.384580E-1	5.399752E-1
1.390000E1	-3.402459E-1	5.404617E-1
1.400000E1	-3.422718E-1	5.405074E-1
1.410000E1	-3.428440E-1	5.417871E-1
1.420000E1	-3.439876E-1	5.418066E-1
1.430000E1	-3.446279E-1	5.437515E-1
1.440000E1	-3.434509E-1	5.468071E-1
1.450000E1	-3.435891E-1	5.480129E-1
1.460000E1	-3.438142E-1	5.469884E-1
1.470000E1	-3.452660E-1	5.484583E-1
1.480000E1	-3.468862E-1	5.480537E-1
1.490000E1	-3.455539E-1	5.456497E-1
1.500000E1	-3.442706E-1	5.421297E-1
1.510000E1	-3.420222E-1	5.436016E-1
1.520000E1	-3.414304E-1	5.421620E-1
1.530000E1	-3.412927E-1	5.424969E-1
1.540000E1	-3.420722E-1	5.417586E-1
1.550000E1	-3.413893E-1	5.435352E-1
1.560000E1	-3.402422E-1	5.457773E-1
1.570000E1	-3.424641E-1	5.452597E-1
1.580000E1	-3.442815E-1	5.450679E-1
1.590000E1	-3.449238E-1	5.420331E-1
1.600000E1	-3.444693E-1	5.431227E-1
1.610000E1	-3.440159E-1	5.448417E-1
1.620000E1	-3.462522E-1	5.452511E-1
1.630000E1	-3.442080E-1	5.479075E-1
1.640000E1	-3.421786E-1	5.480187E-1
1.650000E1	-3.427965E-1	5.479098E-1
1.660000E1	-3.440231E-1	5.490016E-1
1.670000E1	-3.441311E-1	5.482765E-1
1.680000E1	-3.424419E-1	5.493644E-1
1.690000E1	-3.463036E-1	5.527646E-1
1.700000E1	-3.509790E-1	5.509729E-1
1.710000E1	-3.523140E-1	5.486913E-1
1.720000E1	-3.534851E-1	5.476564E-1
1.730000E1	-3.527403E-1	5.476425E-1
1.740000E1	-3.533116E-1	5.505111E-1
1.750000E1	-3.536056E-1	5.515758E-1
1.760000E1	-3.521468E-1	5.532601E-1
1.770000E1	-3.518667E-1	5.532261E-1
1.780000E1	-3.523479E-1	5.523115E-1
1.790000E1	-3.542163E-1	5.523156E-1
1.800000E1	-3.517894E-1	5.486745E-1
1.810000E1	-3.521296E-1	5.453087E-1
1.820000E1	-3.512190E-1	5.431817E-1
1.830000E1	-3.515184E-1	5.412573E-1
1.840000E1	-3.520333E-1	5.403299E-1
1.850000E1	-3.530558E-1	5.422153E-1
1.860000E1	-3.556005E-1	5.457359E-1
1.870000E1	-3.562036E-1	5.431094E-1
1.880000E1	-3.596517E-1	5.469587E-1
1.890000E1	-3.597626E-1	5.476502E-1
1.900000E1	-3.588996E-1	5.485659E-1
1.910000E1	-3.560602E-1	5.482373E-1
1.920000E1	-3.548424E-1	5.468658E-1
1.930000E1	-3.532531E-1	5.457781E-1
1.940000E1	-3.541205E-1	5.475032E-1
1.950000E1	-3.541677E-1	5.467106E-1
1.960000E1	-3.525260E-1	5.473962E-1
1.970000E1	-3.497834E-1	5.473697E-1
1.980000E1	-3.489598E-1	5.436072E-1
1.990000E1	-3.489464E-1	5.442432E-1
2.000000E1	-3.499032E-1	5.439515E-1
2.010000E1	-3.519466E-1	5.449708E-1
2.020000E1	-3.542516E-1	5.436979E-1
2.030000E1	-3.531143E-1	5.424770E-1
2.040000E1	-3.516348E-1	5.418749E-1
2.050000E1	-3.521185E-1	5.424705E-1
2.060000E1	-3.514489E-1	5.455076E-1
2.070000E1	-3.494094E-1	5.427520E-1
2.080000E1	-3.501725E-1	5.442826E-1
2.090000E1	-3.515283E-1	5.404537E-1
2.100000E1	-3.515614E-1	5.429993E-1
2.110000E1	-3.513891E-1	5.428370E-1
2.120000E1	-3.502292E-1	5.429020E-1
2.130000E1	-3.511170E-1	5.419429E-1
2.140000E1	-3.500143E-1	5.407698E-1
2.150000E1	-3.505148E-1	5.423160E-1
2.160000E1	-3.514983E-1	5.427405E-1
2.170000E1	-3.538496E-1	5.433501E-1
2.180000E1	-3.527192E-1	5.453138E-1
2.190000E1	-3.525096E-1	5.458381E-1
2.200000E1	-3.494036E-1	5.456240E-1
2.210000E1	-3.474210E-1	5.449375E-1
2.220000E1	-3.457340E-1	5.490555E-1
2.230000E1	-3.440075E-1	5.518166E-1
2.240000E1	-3.460061E-1	5.512389E-1
2.250000E1	-3.473359E-1	5.534619E-1
2.260000E1	-3.473670E-1	5.537827E-1
2.270000E1	-3.471531E-1	5.519443E-1
2.280000E1	-3.466070E-1	5.494080E-1
2.290000E1	-3.402433E-1	5.512341E-1
2.300000E1	-3.412886E-1	5.529387E-1
2.310000E1	-3.418184E-1	5.536825E-1
2.320000E1	-3.417332E-1	5.547932E-1
2.330000E1	-3.422103E-1	5.537910E-1
2.340000E1	-3.434615E-1	5.552663E-1
2.350000E1	-3.448911E-1	5.555516E-1
2.360000E1	-3.453870E-1	5.581220E-1
2.370000E1	-3.465775E-1	5.570424E-1
2.380000E1	-3.467477E-1	5.564833E-1
2.390000E1	-3.476622E-1	5.572072E-1
2.400000E1	-3.485602E-1	5.531457E-1
2.410000E1	-3.508223E-1	5.557615E-1
2.420000E1	-3.499510E-1	5.561403E-1
2.430000E1	-3.510495E-1	5.555596E-1
2.440000E1	-3.520807E-1	5.564717E-1
2.450000E1	-3.510398E-1	5.536138E-1
2.460000E1	-3.529200E-1	5.527224E-1
2.470000E1	-3.535904E-1	5.512990E-1
2.480000E1	-3.541447E-1	5.492655E-1
2.490000E1	-3.521948E-1	5.483333E-1
2.500000E1	-3.505934E-1	5.524321E-1
2.510000E1	-3.498848E-1	5.547675E-1
2.520000E1	-3.493514E-1	5.556501E-1
2.530000E1	-3.499302E-1	5.580438E-1
2.540000E1	-3.499368E-1	5.591970E-1
2.550000E1	-3.490562E-1	5.624731E-1
2.560000E1	-3.496726E-1	5.641405E-1
2.570000E1	-3.493877E-1	5.644036E-1
2.580000E1	-3.493597E-1	5.647768E-1
2.590000E1	-3.498139E-1	5.644295E-1
2.600000E1	-3.525702E-1	5.652545E-1
2.610000E1	-3.520481E-1	5.672889E-1
2.620000E1	-3.514223E-1	5.676060E-1
2.630000E1	-3.513046E-1	5.674487E-1
2.640000E1	-3.516766E-1	5.676610E-1
2.650000E1	-3.522451E-1	5.688868E-1
2.660000E1	-3.539696E-1	5.707806E-1
2.670000E1	-3.557664E-1	5.692546E-1
2.680000E1	-3.539133E-1	5.683692E-1
2.690000E1	-3.562601E-1	5.665813E-1
2.700000E1	-3.579440E-1	5.654071E-1
2.710000E1	-3.587023E-1	5.643082E-1
2.720000E1	-3.590693E-1	5.645564E-1
2.730000E1	-3.570394E-1	5.643642E-1
2.740000E1	-3.564374E-1	5.641417E-1
2.750000E1	-3.557683E-1	5.654902E-1
2.760000E1	-3.547009E-1	5.641415E-1
2.770000E1	-3.544590E-1	5.625426E-1
2.780000E1	-3.531121E-1	5.630113E-1
2.790000E1	-3.558921E-1	5.616857E-1
2.800000E1	-3.565928E-1	5.629242E-1
2.810000E1	-3.557855E-1	5.627884E-1
2.820000E1	-3.571802E-1	5.637586E-1
2.830000E1	-3.579577E-1	5.632411E-1
2.840000E1	-3.587564E-1	5.620119E-1
2.850000E1	-3.573629E-1	5.628652E-1
2.860000E1	-3.570947E-1	5.616827E-1
2.870000E1	-3.575149E-1	5.611725E-1
2.880000E1	-3.573484E-1	5.596833E-1
2.890000E1	-3.571624E-1	5.598857E-1
2.900000E1	-3.581490E-1	5.595196E-1
2.910000E1	-3.574949E-1	5.602912E-1
2.920000E1	-3.557463E-1	5.618874E-1
2.930000E1	-3.572687E-1	5.624500E-1
2.940000E1	-3.577588E-1	5.640686E-1
2.950000E1	-3.574218E-1	5.644892E-1
2.960000E1	-3.605552E-1	5.650784E-1
2.970000E1	-3.605695E-1	5.662634E-1
2.980000E1	-3.583601E-1	5.677288E-1
2.990000E1	-3.597200E-1	5.698380E-1
3.000000E1	-3.598356E-1	5.697425E-1
3.010000E1	-3.570245E-1	5.702557E-1
3.020000E1	-3.574933E-1	5.692395E-1
3.030000E1	-3.569478E-1	5.679628E-1
3.040000E1	-3.557369E-1	5.673325E-1
3.050000E1	-3.557773E-1	5.649468E-1
3.060000E1	-3.571799E-1	5.657302E-1
3.070000E1	-3.562212E-1	5.656221E-1
3.080000E1	-3.562933E-1	5.649351E-1
3.090000E1	-3.561102E-1	5.663490E-1
3.100000E1	-3.564798E-1	5.669453E-1
3.110000E1	-3.528665E-1	5.645529E-1
3.120000E1	-3.554171E-1	5.638966E-1
3.130000E1	-3.556545E-1	5.645276E-1
3.140000E1	-3.545554E-1	5.638327E-1
3.150000E1	-3.530649E-1	5.642213E-1
3.160000E1	-3.512484E-1	5.638539E-1
3.170000E1	-3.467515E-1	5.643754E-1
3.180000E1	-3.494825E-1	5.635227E-1
3.190000E1	-3.520640E-1	5.635958E-1
3.200000E1	-3.496892E-1	5.637368E-1
3.210000E1	-3.480082E-1	5.636576E-1
3.220000E1	-3.462430E-1	5.640326E-1
3.230000E1	-3.459858E-1	5.660296E-1
3.240000E1	-3.458241E-1	5.672917E-1
3.250000E1	-3.492340E-1	5.666498E-1
3.260000E1	-3.484249E-1	5.635398E-1
3.270000E1	-3.509613E-1	5.655958E-1
3.280000E1	-3.491910E-1	5.683924E-1
3.290000E1	-3.510887E-1	5.683230E-1
3.300000E1	-3.492122E-1	5.691676E-1
3.310000E1	-3.476906E-1	5.681896E-1
3.320000E1	-3.456529E-1	5.697762E-1
3.330000E1	-3.457185E-1	5.685161E-1
3.340000E1	-3.432232E-1	5.687410E-1
3.350000E1	-3.429179E-1	5.675165E-1
3.360000E1	-3.434710E-1	5.661007E-1
3.370000E1	-3.434218E-1	5.653437E-1
3.380000E1	-3.431964E-1	5.617539E-1
3.390000E1	-3.420913E-1	5.597376E-1
3.400000E1	-3.412440E-1	5.589450E-1
3.410000E1	-3.375050E-1	5.583407E-1
3.420000E1	-3.378849E-1	5.572938E-1
3.430000E1	-3.384062E-1	5.570424E-1
3.440000E1	-3.362834E-1	5.587144E-1
3.450000E1	-3.376287E-1	5.579486E-1
3.460000E1	-3.380427E-1	5.573800E-1
3.470000E1	-3.388329E-1	5.583313E-1
3.480000E1	-3.386282E-1	5.567972E-1
3.490000E1	-3.379511E-1	5.556110E-1
3.500000E1	-3.393517E-1	5.564985E-1
3.510000E1	-3.391712E-1	5.556838E-1
3.520000E1	-3.396650E-1	5.564015E-1
3.530000E1	-3.381523E-1	5.549429E-1
3.540000E1	-3.372303E-1	5.521567E-1
3.550000E1	-3.348196E-1	5.503651E-1
3.560000E1	-3.354973E-1	5.523534E-1
3.570000E1	-3.335907E-1	5.516807E-1
3.580000E1	-3.347643E-1	5.523429E-1
3.590000E1	-3.345497E-1	5.530660E-1
3.600000E1	-3.338101E-1	5.550904E-1
3.610000E1	-3.342354E-1	5.539152E-1
3.620000E1	-3.347770E-1	5.535970E-1
3.630000E1	-3.335075E-1	5.545984E-1
3.640000E1	-3.329303E-1	5.532775E-1
3.650000E1	-3.347800E-1	5.522078E-1
3.660000E1	-3.312390E-1	5.512756E-1
3.670000E1	-3.302364E-1	5.489707E-1
3.680000E1	-3.279808E-1	5.482346E-1
3.690000E1	-3.323730E-1	5.464996E-1
3.700000E1	-3.324439E-1	5.461777E-1
3.710000E1	-3.325065E-1	5.490503E-1
3.720000E1	-3.324287E-1	5.483727E-1
3.730000E1	-3.331827E-1	5.493329E-1
3.740000E1	-3.329524E-1	5.499310E-1
3.750000E1	-3.339535E-1	5.495735E-1
3.760000E1	-3.340833E-1	5.507610E-1
3.770000E1	-3.323950E-1	5.506869E-1
3.780000E1	-3.317864E-1	5.508358E-1
3.790000E1	-3.316890E-1	5.504834E-1
3.800000E1	-3.345450E-1	5.497251E-1
3.810000E1	-3.366518E-1	5.497187E-1
3.820000E1	-3.363933E-1	5.487885E-1
3.830000E1	-3.376844E-1	5.484654E-1
3.840000E1	-3.398050E-1	5.491133E-1
3.850000E1	-3.392202E-1	5.484574E-1
3.860000E1	-3.392898E-1	5.477613E-1
3.870000E1	-3.400410E-1	5.461620E-1
3.880000E1	-3.350031E-1	5.473377E-1
3.890000E1	-3.350798E-1	5.474030E-1
3.900000E1	-3.354418E-1	5.460185E-1
3.910000E1	-3.360012E-1	5.447851E-1
3.920000E1	-3.359999E-1	5.428244E-1
3.930000E1	-3.361894E-1	5.420669E-1
3.940000E1	-3.366580E-1	5.421053E-1
3.950000E1	-3.401637E-1	5.421431E-1
3.960000E1	-3.373006E-1	5.414639E-1
3.970000E1	-3.368281E-1	5.394464E-1
3.980000E1	-3.367139E-1	5.366041E-1
3.990000E1	-3.336749E-1	5.388611E-1
4.000000E1	-3.365261E-1	5.416339E-1
4.010000E1	-3.349817E-1	5.420379E-1
4.020000E1	-3.337246E-1	5.439795E-1
4.030000E1	-3.355548E-1	5.467734E-1
4.040000E1	-3.358766E-1	5.441192E-1
4.050000E1	-3.338638E-1	5.432095E-1
4.060000E1	-3.342402E-1	5.414136E-1
4.070000E1	-3.347779E-1	5.393590E-1
4.080000E1	-3.352624E-1	5.375206E-1
4.090000E1	-3.360712E-1	5.397061E-1
4.100000E1	-3.373512E-1	5.404640E-1
4.110000E1	-3.361233E-1	5.405857E-1
4.120000E1	-3.384997E-1	5.410798E-1
4.130000E1	-3.369793E-1	5.429186E-1
4.140000E1	-3.355267E-1	5.417958E-1
4.150000E1	-3.349778E-1	5.416233E-1
4.160000E1	-3.353407E-1	5.416239E-1
4.170000E1	-3.339563E-1	5.413371E-1
4.180000E1	-3.320168E-1	5.410155E-1
4.190000E1	-3.310496E-1	5.399140E-1
4.200000E1	-3.327943E-1	5.378868E-1
4.210000E1	-3.337518E-1	5.380484E-1
4.220000E1	-3.317561E-1	5.388039E-1
4.230000E1	-3.311585E-1	5.377508E-1
4.240000E1	-3.304475E-1	5.394954E-1
4.250000E1	-3.322303E-1	5.396224E-1
4.260000E1	-3.317560E-1	5.406415E-1
4.270000E1	-3.317317E-1	5.407161E-1
4.280000E1	-3.305897E-1	5.440919E-1
4.290000E1	-3.310583E-1	5.443058E-1
4.300000E1	-3.317621E-1	5.430415E-1
4.310000E1	-3.307334E-1	5.412192E-1
4.320000E1	-3.326176E-1	5.417614E-1
4.330000E1	-3.311246E-1	5.412624E-1
4.340000E1	-3.302605E-1	5.399113E-1
4.350000E1	-3.312951E-1	5.405674E-1
4.360000E1	-3.287937E-1	5.407201E-1
4.370000E1	-3.305355E-1	5.406288E-1
4.380000E1	-3.314841E-1	5.404434E-1
4.390000E1	-3.308943E-1	5.402711E-1
4.400000E1	-3.340988E-1	5.368773E-1
4.410000E1	-3.335598E-1	5.358138E-1
4.420000E1	-3.336641E-1	5.349253E-1
4.430000E1	-3.324618E-1	5.365335E-1
4.440000E1	-3.326399E-1	5.358980E-1
4.450000E1	-3.309526E-1	5.358307E-1
4.460000E1	-3.293960E-1	5.386263E-1
4.470000E1	-3.322455E-1	5.389186E-1
4.480000E1	-3.315376E-1	5.393080E-1
4.490000E1	-3.334090E-1	5.393848E-1
4.500000E1	-3.333850E-1	5.393793E-1
4.510000E1	-3.342610E-1	5.418931E-1
4.520000E1	-3.334644E-1	5.407446E-1
4.530000E1	-3.339368E-1	5.377766E-1
4.540000E1	-3.306200E-1	5.377543E-1
4.550000E1	-3.325258E-1	5.396204E-1
4.560000E1	-3.320843E-1	5.412564E-1
4.570000E1	-3.307275E-1	5.416816E-1
4.580000E1	-3.293488E-1	5.420992E-1
4.590000E1	-3.315238E-1	5.426001E-1
4.600000E1	-3.297829E-1	5.427125E-1
4.610000E1	-3.292778E-1	5.422684E-1
4.620000E1	-3.292850E-1	5.426156E-1
4.630000E1	-3.308432E-1	5.402713E-1
4.640000E1	-3.325419E-1	5.390189E-1
4.650000E1	-3.301024E-1	5.378007E-1
4.660000E1	-3.288835E-1	5.383561E-1
4.670000E1	-3.263851E-1	5.372633E-1
4.680000E1	-3.281024E-1	5.395141E-1
4.690000E1	-3.239178E-1	5.385366E-1
4.700000E1	-3.221130E-1	5.357038E-1
4.710000E1	-3.204728E-1	5.364120E-1
4.720000E1	-3.216572E-1	5.364084E-1
4.730000E1	-3.207141E-1	5.369873E-1
4.740000E1	-3.195657E-1	5.378351E-1
4.750000E1	-3.216118E-1	5.385072E-1
4.760000E1	-3.227970E-1	5.403709E-1
4.770000E1	-3.223021E-1	5.397292E-1
4.780000E1	-3.225939E-1	5.403175E-1
4.790000E1	-3.230453E-1	5.397639E-1
4.800000E1	-3.238799E-1	5.380424E-1
4.810000E1	-3.229141E-1	5.368410E-1
4.820000E1	-3.224578E-1	5.383929E-1
4.830000E1	-3.193558E-1	5.369107E-1
4.840000E1	-3.178905E-1	5.386533E-1
4.850000E1	-3.161337E-1	5.393163E-1
4.860000E1	-3.178153E-1	5.373987E-1
4.870000E1	-3.173220E-1	5.372499E-1
4.880000E1	-3.174827E-1	5.336427E-1
4.890000E1	-3.154220E-1	5.317246E-1
4.900000E1	-3.174917E-1	5.287404E-1
4.910000E1	-3.181593E-1	5.285571E-1
4.920000E1	-3.201903E-1	5.280877E-1
4.930000E1	-3.199187E-1	5.278512E-1
4.940000E1	-3.199786E-1	5.279870E-1
4.950000E1	-3.235943E-1	5.298479E-1
4.960000E1	-3.239275E-1	5.290199E-1
4.970000E1	-3.239666E-1	5.291458E-1
4.980000E1	-3.213331E-1	5.277224E-1
4.990000E1	-3.229137E-1	5.306178E-1
5.000000E1	-3.242404E-1	5.323525E-1
5.010000E1	-3.267326E-1	5.331686E-1
5.020000E1	-3.273397E-1	5.317157E-1
5.030000E1	-3.297786E-1	5.276021E-1
5.040000E1	-3.285808E-1	5.274534E-1
5.050000E1	-3.295471E-1	5.287156E-1
5.060000E1	-3.302047E-1	5.277996E-1
5.070000E1	-3.304678E-1	5.276936E-1
5.080000E1	-3.315856E-1	5.251420E-1
5.090000E1	-3.307084E-1	5.242091E-1
5.100000E1	-3.317959E-1	5.250948E-1
5.110000E1	-3.311672E-1	5.262541E-1
5.120000E1	-3.289967E-1	5.280122E-1
5.130000E1	-3.312584E-1	5.275986E-1
5.140000E1	-3.309728E-1	5.252584E-1
5.150000E1	-3.304849E-1	5.275921E-1
5.160000E1	-3.310579E-1	5.297129E-1
5.170000E1	-3.323319E-1	5.300971E-1
5.180000E1	-3.332097E-1	5.304401E-1
5.190000E1	-3.348853E-1	5.295850E-1
5.200000E1	-3.346583E-1	5.288373E-1
5.210000E1	-3.362357E-1	5.281307E-1
5.220000E1	-3.359847E-1	5.283505E-1
5.230000E1	-3.361769E-1	5.271255E-1
5.240000E1	-3.374322E-1	5.303202E-1
5.250000E1	-3.351778E-1	5.307250E-1
5.260000E1	-3.319969E-1	5.313934E-1
5.270000E1	-3.293788E-1	5.308858E-1
5.280000E1	-3.265980E-1	5.298286E-1
5.290000E1	-3.278111E-1	5.290668E-1
5.300000E1	-3.275780E-1	5.295365E-1
5.310000E1	-3.267108E-1	5.297093E-1
5.320000E1	-3.270591E-1	5.291828E-1
5.330000E1	-3.269001E-1	5.297610E-1
5.340000E1	-3.264340E-1	5.319302E-1
5.350000E1	-3.268815E-1	5.356139E-1
5.360000E1	-3.271741E-1	5.347316E-1
5.370000E1	-3.263803E-1	5.359948E-1
5.380000E1	-3.251707E-1	5.375344E-1
5.390000E1	-3.236566E-1	5.390984E-1
5.400000E1	-3.225573E-1	5.403248E-1
5.410000E1	-3.211430E-1	5.393120E-1
5.420000E1	-3.198467E-1	5.373422E-1
5.430000E1	-3.192259E-1	5.365891E-1
5.440000E1	-3.168332E-1	5.377487E-1
5.450000E1	-3.153118E-1	5.401932E-1
5.460000E1	-3.142341E-1	5.415617E-1
5.470000E1	-3.136125E-1	5.410900E-1
5.480000E1	-3.133213E-1	5.421737E-1
5.490000E1	-3.154083E-1	5.417769E-1
5.500000E1	-3.145308E-1	5.459752E-1
5.510000E1	-3.145706E-1	5.469105E-1
5.520000E1	-3.115308E-1	5.480334E-1
5.530000E1	-3.110572E-1	5.476411E-1
5.540000E1	-3.109745E-1	5.463795E-1
5.550000E1	-3.097834E-1	5.465235E-1
5.560000E1	-3.096563E-1	5.463487E-1
5.570000E1	-3.087611E-1	5.537198E-1
5.580000E1	-3.078574E-1	5.534151E-1
5.590000E1	-3.060659E-1	5.536475E-1
5.600000E1	-3.045757E-1	5.516665E-1
5.610000E1	-3.042078E-1	5.532499E-1
5.620000E1	-3.033919E-1	5.537245E-1
5.630000E1	-3.037819E-1	5.527647E-1
5.640000E1	-3.031085E-1	5.555312E-1
5.650000E1	-3.002479E-1	5.565651E-1
5.660000E1	-3.024865E-1	5.577124E-1
5.670000E1	-3.015162E-1	5.591695E-1
5.680000E1	-3.016310E-1	5.620366E-1
5.690000E1	-3.000645E-1	5.604560E-1
5.700000E1	-3.020628E-1	5.592450E-1
5.710000E1	-3.027679E-1	5.576491E-1
5.720000E1	-3.048375E-1	5.582498E-1
5.730000E1	-3.066598E-1	5.587973E-1
5.740000E1	-3.045059E-1	5.578271E-1
5.750000E1	-3.045162E-1	5.565595E-1
5.760000E1	-3.031258E-1	5.555277E-1
5.770000E1	-3.027347E-1	5.551748E-1
5.780000E1	-3.010985E-1	5.557614E-1
5.790000E1	-3.004311E-1	5.559100E-1
5.800000E1	-2.989995E-1	5.569602E-1
5.810000E1	-2.982930E-1	5.595705E-1
5.820000E1	-2.982585E-1	5.604233E-1
5.830000E1	-2.968109E-1	5.579595E-1
5.840000E1	-2.958996E-1	5.560773E-1
5.850000E1	-2.964963E-1	5.552380E-1
5.860000E1	-2.963467E-1	5.561222E-1
5.870000E1	-2.965467E-1	5.621180E-1
5.880000E1	-2.970838E-1	5.636141E-1
5.890000E1	-2.966061E-1	5.647920E-1
5.900000E1	-2.986849E-1	5.655352E-1
5.910000E1	-2.990933E-1	5.692852E-1
5.920000E1	-2.994581E-1	5.688916E-1
5.930000E1	-2.998612E-1	5.671647E-1
5.940000E1	-3.022954E-1	5.659998E-1
5.950000E1	-2.991176E-1	5.648976E-1
5.960000E1	-3.004048E-1	5.652213E-1
5.970000E1	-3.007458E-1	5.637003E-1
5.980000E1	-3.006220E-1	5.640496E-1
5.990000E1	-2.993216E-1	5.632598E-1
6.000000E1	-2.944262E-1	5.636626E-1
6.010000E1	-2.973973E-1	5.645520E-1
6.020000E1	-2.935355E-1	5.639433E-1
6.030000E1	-2.934826E-1	5.658855E-1
6.040000E1	-2.934579E-1	5.658978E-1
6.050000E1	-2.926998E-1	5.673870E-1
6.060000E1	-2.868950E-1	5.689247E-1
6.070000E1	-2.872480E-1	5.669170E-1
6.080000E1	-2.866646E-1	5.679539E-1
6.090000E1	-2.864072E-1	5.709961E-1
6.100000E1	-2.861553E-1	5.733384E-1
6.110000E1	-2.868859E-1	5.728525E-1
6.120000E1	-2.881730E-1	5.719008E-1
6.130000E1	-2.884519E-1	5.710206E-1
6.140000E1	-2.890403E-1	5.703780E-1
6.150000E1	-2.894047E-1	5.696806E-1
6.160000E1	-2.906769E-1	5.685970E-1
6.170000E1	-2.911541E-1	5.696332E-1
6.180000E1	-2.917134E-1	5.707197E-1
6.190000E1	-2.909480E-1	5.707444E-1
6.200000E1	-2.922796E-1	5.730820E-1
6.210000E1	-2.910887E-1	5.738093E-1
6.220000E1	-2.883238E-1	5.714005E-1
6.230000E1	-2.868003E-1	5.706403E-1
6.240000E1	-2.855706E-1	5.695449E-1
6.250000E1	-2.834120E-1	5.663975E-1
6.260000E1	-2.849809E-1	5.667707E-1
6.270000E1	-2.871767E-1	5.636941E-1
6.280000E1	-2.891486E-1	5.620558E-1
6.290000E1	-2.896034E-1	5.606325E-1
6.300000E1	-2.913728E-1	5.598608E-1
6.310000E1	-2.893895E-1	5.606955E-1
6.320000E1	-2.906326E-1	5.605704E-1
6.330000E1	-2.899520E-1	5.608066E-1
6.340000E1	-2.892331E-1	5.614955E-1
6.350000E1	-2.905436E-1	5.615759E-1
6.360000E1	-2.909292E-1	5.592530E-1
6.370000E1	-2.919834E-1	5.555523E-1
6.380000E1	-2.953568E-1	5.555844E-1
6.390000E1	-2.966761E-1	5.526318E-1
6.400000E1	-2.976790E-1	5.521441E-1
6.410000E1	-2.986871E-1	5.525524E-1
6.420000E1	-2.998161E-1	5.546531E-1
6.430000E1	-3.001363E-1	5.555807E-1
6.440000E1	-3.031288E-1	5.553148E-1
6.450000E1	-3.020029E-1	5.540288E-1
6.460000E1	-3.019766E-1	5.543107E-1
6.470000E1	-3.004676E-1	5.542172E-1
6.480000E1	-3.016442E-1	5.560025E-1
6.490000E1	-3.022734E-1	5.547768E-1
6.500000E1	-3.031290E-1	5.549618E-1
6.510000E1	-3.029371E-1	5.563010E-1
6.520000E1	-3.020628E-1	5.583043E-1
6.530000E1	-3.012189E-1	5.586003E-1
6.540000E1	-2.993438E-1	5.572403E-1
6.550000E1	-3.016969E-1	5.584463E-1
6.560000E1	-3.027222E-1	5.603037E-1
6.570000E1	-3.015768E-1	5.572957E-1
6.580000E1	-3.015065E-1	5.590252E-1
6.590000E1	-3.022191E-1	5.597707E-1
6.600000E1	-3.043910E-1	5.593169E-1
6.610000E1	-3.058475E-1	5.594907E-1
6.620000E1	-3.046387E-1	5.575403E-1
6.630000E1	-3.058999E-1	5.579422E-1
6.640000E1	-3.050152E-1	5.571810E-1
6.650000E1	-3.050221E-1	5.577813E-1
6.660000E1	-3.050930E-1	5.582977E-1
6.670000E1	-3.016603E-1	5.547563E-1
6.680000E1	-3.048176E-1	5.550069E-1
6.690000E1	-3.025163E-1	5.534007E-1
6.700000E1	-3.016764E-1	5.515871E-1
6.710000E1	-2.997915E-1	5.504403E-1
6.720000E1	-2.991014E-1	5.490370E-1
6.730000E1	-3.003162E-1	5.491019E-1
6.740000E1	-3.004942E-1	5.524816E-1
6.750000E1	-2.989013E-1	5.541845E-1
6.760000E1	-2.970489E-1	5.566905E-1
6.770000E1	-2.991350E-1	5.569276E-1
6.780000E1	-2.989534E-1	5.569409E-1
6.790000E1	-2.973902E-1	5.572532E-1
6.800000E1	-2.998714E-1	5.568402E-1
6.810000E1	-3.024789E-1	5.551832E-1
6.820000E1	-3.042434E-1	5.540079E-1
6.830000E1	-3.034150E-1	5.526508E-1
6.840000E1	-3.040247E-1	5.537637E-1
6.850000E1	-3.042205E-1	5.531482E-1
6.860000E1	-3.034502E-1	5.509876E-1
6.870000E1	-3.043794E-1	5.503452E-1
6.880000E1	-3.051814E-1	5.505064E-1
6.890000E1	-3.031854E-1	5.486518E-1
6.900000E1	-2.996678E-1	5.465614E-1
6.910000E1	-2.974653E-1	5.488883E-1
6.920000E1	-2.983324E-1	5.484546E-1
6.930000E1	-3.002092E-1	5.451093E-1
6.940000E1	-3.002533E-1	5.439655E-1
6.950000E1	-3.024912E-1	5.460108E-1
6.960000E1	-3.032027E-1	5.478795E-1
6.970000E1	-3.024089E-1	5.495505E-1
6.980000E1	-3.021356E-1	5.509905E-1
6.990000E1	-3.012430E-1	5.531406E-1
7.000000E1	-3.000372E-1	5.506797E-1
7.010000E1	-3.010376E-1	5.503571E-1
7.020000E1	-3.041683E-1	5.487834E-1
7.030000E1	-3.038951E-1	5.462775E-1
7.040000E1	-3.021319E-1	5.473810E-1
7.050000E1	-3.037080E-1	5.500389E-1
7.060000E1	-3.013640E-1	5.469175E-1
7.070000E1	-3.030733E-1	5.473846E-1
7.080000E1	-3.042764E-1	5.463345E-1
7.090000E1	-3.053731E-1	5.476932E-1
7.100000E1	-3.047039E-1	5.469318E-1
7.110000E1	-3.039297E-1	5.452678E-1
7.120000E1	-3.015694E-1	5.448406E-1
7.130000E1	-3.005638E-1	5.441674E-1
7.140000E1	-2.980667E-1	5.430836E-1
7.150000E1	-2.954601E-1	5.441117E-1
7.160000E1	-2.952340E-1	5.444527E-1
7.170000E1	-2.953104E-1	5.434017E-1
7.180000E1	-2.946791E-1	5.454983E-1
7.190000E1	-2.936109E-1	5.462213E-1
7.200000E1	-2.928870E-1	5.463684E-1
7.210000E1	-2.924551E-1	5.444568E-1
7.220000E1	-2.922045E-1	5.470650E-1
7.230000E1	-2.925566E-1	5.487642E-1
7.240000E1	-2.912204E-1	5.484248E-1
7.250000E1	-2.918216E-1	5.482972E-1
7.260000E1	-2.917230E-1	5.492653E-1
7.270000E1	-2.925620E-1	5.503229E-1
7.280000E1	-2.930863E-1	5.499474E-1
7.290000E1	-2.927287E-1	5.492571E-1
7.300000E1	-2.941645E-1	5.518583E-1
7.310000E1	-2.945448E-1	5.515313E-1
7.320000E1	-2.935818E-1	5.542605E-1
7.330000E1	-2.939743E-1	5.529420E-1
7.340000E1	-2.924816E-1	5.526530E-1
7.350000E1	-2.906624E-1	5.538989E-1
7.360000E1	-2.916978E-1	5.558792E-1
7.370000E1	-2.917023E-1	5.562369E-1
7.380000E1	-2.888799E-1	5.570037E-1
7.390000E1	-2.881567E-1	5.553808E-1
7.400000E1	-2.890314E-1	5.565394E-1
7.410000E1	-2.888149E-1	5.563303E-1
7.420000E1	-2.878189E-1	5.540581E-1
7.430000E1	-2.914181E-1	5.534080E-1
7.440000E1	-2.934269E-1	5.537653E-1
7.450000E1	-2.941073E-1	5.501731E-1
7.460000E1	-2.937178E-1	5.475690E-1
7.470000E1	-2.932398E-1	5.441229E-1
7.480000E1	-2.929813E-1	5.459631E-1
7.490000E1	-2.909384E-1	5.475485E-1
7.500000E1	-2.914875E-1	5.488571E-1
7.510000E1	-2.915369E-1	5.518678E-1
7.520000E1	-2.927424E-1	5.528877E-1
7.530000E1	-2.910123E-1	5.526191E-1
7.540000E1	-2.925677E-1	5.516887E-1
7.550000E1	-2.925143E-1	5.514374E-1
7.560000E1	-2.924416E-1	5.492611E-1
7.570000E1	-2.926067E-1	5.484356E-1
7.580000E1	-2.919258E-1	5.478109E-1
7.590000E1	-2.922243E-1	5.470354E-1
7.600000E1	-2.923515E-1	5.466305E-1
7.610000E1	-2.927259E-1	5.471498E-1
7.620000E1	-2.923770E-1	5.464992E-1
7.630000E1	-2.930758E-1	5.459711E-1
7.640000E1	-2.971983E-1	5.465887E-1
7.650000E1	-2.962494E-1	5.467078E-1
7.660000E1	-2.981816E-1	5.476649E-1
7.670000E1	-3.012126E-1	5.460123E-1
7.680000E1	-3.050508E-1	5.433953E-1
7.690000E1	-3.058026E-1	5.425032E-1
7.700000E1	-3.057800E-1	5.425335E-1
7.710000E1	-3.061163E-1	5.433253E-1
7.720000E1	-3.058346E-1	5.443933E-1
7.730000E1	-3.033958E-1	5.448498E-1
7.740000E1	-3.059350E-1	5.493079E-1
7.750000E1	-3.066579E-1	5.494835E-1
7.760000E1	-3.049423E-1	5.488062E-1
7.770000E1	-3.059733E-1	5.488505E-1
7.780000E1	-3.058621E-1	5.484916E-1
7.790000E1	-3.079004E-1	5.483773E-1
7.800000E1	-3.089317E-1	5.484844E-1
7.810000E1	-3.056216E-1	5.501978E-1
7.820000E1	-3.047054E-1	5.472611E-1
7.830000E1	-3.017326E-1	5.442443E-1
7.840000E1	-2.993860E-1	5.411236E-1
7.850000E1	-2.971702E-1	5.413672E-1
7.860000E1	-2.994593E-1	5.415679E-1
7.870000E1	-3.009679E-1	5.443409E-1
7.880000E1	-3.003437E-1	5.429685E-1
7.890000E1	-2.997949E-1	5.412679E-1
7.900000E1	-2.996283E-1	5.397172E-1
7.910000E1	-2.993603E-1	5.408517E-1
7.920000E1	-2.990669E-1	5.420755E-1
7.930000E1	-2.997231E-1	5.446500E-1
7.940000E1	-3.013104E-1	5.440571E-1
7.950000E1	-3.023286E-1	5.424683E-1
7.960000E1	-2.994096E-1	5.404224E-1
7.970000E1	-2.998726E-1	5.400462E-1
7.980000E1	-3.006713E-1	5.403299E-1
7.990000E1	-3.008727E-1	5.385312E-1
8.000000E1	-3.010264E-1	5.391749E-1
8.010000E1	-2.994038E-1	5.404300E-1
8.020000E1	-2.948373E-1	5.394886E-1
8.030000E1	-2.952961E-1	5.389347E-1
8.040000E1	-2.951330E-1	5.365434E-1
8.050000E1	-2.957312E-1	5.344781E-1
8.060000E1	-2.954604E-1	5.336872E-1
8.070000E1	-2.952374E-1	5.332374E-1
8.080000E1	-2.947853E-1	5.335719E-1
8.090000E1	-2.944994E-1	5.379379E-1
8.100000E1	-2.945094E-1	5.402231E-1
8.110000E1	-2.927477E-1	5.391178E-1
8.120000E1	-2.938831E-1	5.411845E-1
8.130000E1	-2.931875E-1	5.413157E-1
8.140000E1	-2.934576E-1	5.394481E-1
8.150000E1	-2.925166E-1	5.379201E-1
8.160000E1	-2.922763E-1	5.361459E-1
8.170000E1	-2.958006E-1	5.356777E-1
8.180000E1	-2.961383E-1	5.354538E-1
8.190000E1	-2.947716E-1	5.340607E-1
8.200000E1	-2.933767E-1	5.366839E-1
8.210000E1	-2.938098E-1	5.371968E-1
8.220000E1	-2.949490E-1	5.373918E-1
8.230000E1	-2.980401E-1	5.374550E-1
8.240000E1	-2.968170E-1	5.350952E-1
8.250000E1	-2.977843E-1	5.345443E-1
8.260000E1	-2.958210E-1	5.341468E-1
8.270000E1	-2.946995E-1	5.330793E-1
8.280000E1	-2.974053E-1	5.332754E-1
8.290000E1	-2.963595E-1	5.342914E-1
8.300000E1	-2.964602E-1	5.329742E-1
8.310000E1	-2.981492E-1	5.363405E-1
8.320000E1	-2.969989E-1	5.368663E-1
8.330000E1	-2.981511E-1	5.379215E-1
8.340000E1	-2.968725E-1	5.397239E-1
8.350000E1	-2.970961E-1	5.384208E-1
8.360000E1	-2.936105E-1	5.388384E-1
8.370000E1	-2.937404E-1	5.386887E-1
8.380000E1	-2.940503E-1	5.344329E-1
8.390000E1	-2.943110E-1	5.335670E-1
8.400000E1	-2.943214E-1	5.355510E-1
8.410000E1	-2.912959E-1	5.353568E-1
8.420000E1	-2.913675E-1	5.369075E-1
8.430000E1	-2.927492E-1	5.389927E-1
8.440000E1	-2.928067E-1	5.419531E-1
8.450000E1	-2.896871E-1	5.412262E-1
8.460000E1	-2.895870E-1	5.383459E-1
8.470000E1	-2.906179E-1	5.388615E-1
8.480000E1	-2.899929E-1	5.390000E-1
8.490000E1	-2.895997E-1	5.382147E-1
8.500000E1	-2.879820E-1	5.372971E-1
8.510000E1	-2.903976E-1	5.358283E-1
8.520000E1	-2.867411E-1	5.386107E-1
8.530000E1	-2.892314E-1	5.389443E-1
8.540000E1	-2.889562E-1	5.390642E-1
8.550000E1	-2.897984E-1	5.392745E-1
8.560000E1	-2.922500E-1	5.400592E-1
8.570000E1	-2.923576E-1	5.391878E-1
8.580000E1	-2.920682E-1	5.395360E-1
8.590000E1	-2.929595E-1	5.375430E-1
8.600000E1	-2.933449E-1	5.365367E-1
8.610000E1	-2.942820E-1	5.378018E-1
8.620000E1	-2.947185E-1	5.372242E-1
8.630000E1	-2.947661E-1	5.349475E-1
8.640000E1	-2.950037E-1	5.317161E-1
8.650000E1	-2.937083E-1	5.321142E-1
8.660000E1	-2.952678E-1	5.307385E-1
8.670000E1	-2.959118E-1	5.347394E-1
8.680000E1	-2.951213E-1	5.364175E-1
8.690000E1	-2.963537E-1	5.392647E-1
8.700000E1	-2.987482E-1	5.379535E-1
8.710000E1	-2.962576E-1	5.364139E-1
8.720000E1	-2.961858E-1	5.374246E-1
8.730000E1	-2.948554E-1	5.360199E-1
8.740000E1	-2.929864E-1	5.337523E-1
8.750000E1	-2.920769E-1	5.323942E-1
8.760000E1	-2.910110E-1	5.307504E-1
8.770000E1	-2.913582E-1	5.299710E-1
8.780000E1	-2.896585E-1	5.284346E-1
8.790000E1	-2.904982E-1	5.276913E-1
8.800000E1	-2.889649E-1	5.280410E-1
8.810000E1	-2.917867E-1	5.256949E-1
8.820000E1	-2.906310E-1	5.234333E-1
8.830000E1	-2.876947E-1	5.243599E-1
8.840000E1	-2.877102E-1	5.237614E-1
8.850000E1	-2.873939E-1	5.238862E-1
8.860000E1	-2.861384E-1	5.241889E-1
8.870000E1	-2.840625E-1	5.233184E-1
8.880000E1	-2.832502E-1	5.256831E-1
8.890000E1	-2.832792E-1	5.232718E-1
8.900000E1	-2.842714E-1	5.204939E-1
8.910000E1	-2.843848E-1	5.195903E-1
8.920000E1	-2.864668E-1	5.180082E-1
8.930000E1	-2.872043E-1	5.174121E-1
8.940000E1	-2.868784E-1	5.133708E-1
8.950000E1	-2.871565E-1	5.137765E-1
8.960000E1	-2.865226E-1	5.146803E-1
8.970000E1	-2.855827E-1	5.133333E-1
8.980000E1	-2.853007E-1	5.164573E-1
8.990000E1	-2.820348E-1	5.210107E-1
9.000000E1	-2.800995E-1	5.236946E-1
9.010000E1	-2.794447E-1	5.263574E-1
9.020000E1	-2.782189E-1	5.273158E-1
9.030000E1	-2.755509E-1	5.279411E-1
9.040000E1	-2.739190E-1	5.277136E-1
9.050000E1	-2.730250E-1	5.284168E-1
9.060000E1	-2.747761E-1	5.280739E-1
9.070000E1	-2.731592E-1	5.266969E-1
9.080000E1	-2.714427E-1	5.263360E-1
9.090000E1	-2.722164E-1	5.254551E-1
9.100000E1	-2.719866E-1	5.260558E-1
9.110000E1	-2.721422E-1	5.245625E-1
9.120000E1	-2.703217E-1	5.266607E-1
9.130000E1	-2.721848E-1	5.263547E-1
9.140000E1	-2.732661E-1	5.266158E-1
9.150000E1	-2.725594E-1	5.269854E-1
9.160000E1	-2.724952E-1	5.264697E-1
9.170000E1	-2.703398E-1	5.253161E-1
9.180000E1	-2.676947E-1	5.249682E-1
9.190000E1	-2.677223E-1	5.243257E-1
9.200000E1	-2.676807E-1	5.238125E-1
9.210000E1	-2.653734E-1	5.233181E-1
9.220000E1	-2.627823E-1	5.238994E-1
9.230000E1	-2.624930E-1	5.262456E-1
9.240000E1	-2.626022E-1	5.264745E-1
9.250000E1	-2.634103E-1	5.285394E-1
9.260000E1	-2.636502E-1	5.278885E-1
9.270000E1	-2.647011E-1	5.283476E-1
9.280000E1	-2.636546E-1	5.273086E-1
9.290000E1	-2.599825E-1	5.268588E-1
9.300000E1	-2.614310E-1	5.299015E-1
9.310000E1	-2.613916E-1	5.323432E-1
9.320000E1	-2.603334E-1	5.337025E-1
9.330000E1	-2.580378E-1	5.350274E-1
9.340000E1	-2.546565E-1	5.351004E-1
9.350000E1	-2.542652E-1	5.348057E-1
9.360000E1	-2.553788E-1	5.335007E-1
9.370000E1	-2.550393E-1	5.352086E-1
9.380000E1	-2.549099E-1	5.339258E-1
9.390000E1	-2.565340E-1	5.345735E-1
9.400000E1	-2.604501E-1	5.352243E-1
9.410000E1	-2.616231E-1	5.346394E-1
9.420000E1	-2.610944E-1	5.320209E-1
9.430000E1	-2.618047E-1	5.321766E-1
9.440000E1	-2.601282E-1	5.320993E-1
9.450000E1	-2.583771E-1	5.313923E-1
9.460000E1	-2.578703E-1	5.310669E-1
9.470000E1	-2.561222E-1	5.299125E-1
9.480000E1	-2.560489E-1	5.319660E-1
9.490000E1	-2.568771E-1	5.340340E-1
9.500000E1	-2.557172E-1	5.335188E-1
9.510000E1	-2.571911E-1	5.338350E-1
9.520000E1	-2.563178E-1	5.348924E-1
9.530000E1	-2.536817E-1	5.376496E-1
9.540000E1	-2.546562E-1	5.366145E-1
9.550000E1	-2.536906E-1	5.383992E-1
9.560000E1	-2.538363E-1	5.429186E-1
9.570000E1	-2.565407E-1	5.412692E-1
9.580000E1	-2.547493E-1	5.422446E-1
9.590000E1	-2.532921E-1	5.413271E-1
9.600000E1	-2.540924E-1	5.393997E-1
9.610000E1	-2.551889E-1	5.391353E-1
9.620000E1	-2.530085E-1	5.398743E-1
9.630000E1	-2.513582E-1	5.396340E-1
9.640000E1	-2.521128E-1	5.394760E-1
9.650000E1	-2.533038E-1	5.404062E-1
9.660000E1	-2.523922E-1	5.404230E-1
9.670000E1	-2.525084E-1	5.392754E-1
9.680000E1	-2.528395E-1	5.383623E-1
9.690000E1	-2.534844E-1	5.365218E-1
9.700000E1	-2.530646E-1	5.371563E-1
9.710000E1	-2.537699E-1	5.370496E-1
9.720000E1	-2.545086E-1	5.362116E-1
9.730000E1	-2.535094E-1	5.364112E-1
9.740000E1	-2.528630E-1	5.359971E-1
9.750000E1	-2.532127E-1	5.338768E-1
9.760000E1	-2.530512E-1	5.359979E-1
9.770000E1	-2.535192E-1	5.355601E-1
9.780000E1	-2.530826E-1	5.363262E-1
9.790000E1	-2.541380E-1	5.361914E-1
9.800000E1	-2.559542E-1	5.357697E-1
9.810000E1	-2.585408E-1	5.353797E-1
9.820000E1	-2.583167E-1	5.349286E-1
9.830000E1	-2.561032E-1	5.349448E-1
9.840000E1	-2.552999E-1	5.358655E-1
9.850000E1	-2.542585E-1	5.363029E-1
9.860000E1	-2.558463E-1	5.367157E-1
9.870000E1	-2.569180E-1	5.357620E-1
9.880000E1	-2.587926E-1	5.347375E-1
9.890000E1	-2.573363E-1	5.344392E-1
9.900000E1	-2.584080E-1	5.349626E-1
9.910000E1	-2.567901E-1	5.347534E-1
9.920000E1	-2.581849E-1	5.333685E-1
9.930000E1	-2.566687E-1	5.320086E-1
9.940000E1	-2.573641E-1	5.332672E-1
9.950000E1	-2.578044E-1	5.308911E-1
9.960000E1	-2.585726E-1	5.332865E-1
9.970000E1	-2.599538E-1	5.324218E-1
9.980000E1	-2.625273E-1	5.303605E-1
9.990000E1	-2.603045E-1	5.292813E-1
1.000000E2	-2.585174E-1	5.304927E-1
1.001000E2	-2.580350E-1	5.330859E-1
1.002000E2	-2.560992E-1	5.320375E-1
1.003000E2	-2.558623E-1	5.302194E-1
1.004000E2	-2.571711E-1	5.290853E-1
1.005000E2	-2.554659E-1	5.295029E-1
1.006000E2	-2.541365E-1	5.297111E-1
1.007000E2	-2.537495E-1	5.290771E-1
1.008000E2	-2.547745E-1	5.287065E-1
1.009000E2	-2.572396E-1	5.272327E-1
1.010000E2	-2.590763E-1	5.257229E-1
1.011000E2	-2.596461E-1	5.249124E-1
1.012000E2	-2.585049E-1	5.246596E-1
1.013000E2	-2.591008E-1	5.272524E-1
1.014000E2	-2.580113E-1	5.237291E-1
1.015000E2	-2.583590E-1	5.242774E-1
1.016000E2	-2.605925E-1	5.244314E-1
1.017000E2	-2.628657E-1	5.248112E-1
1.018000E2	-2.654994E-1	5.234095E-1
1.019000E2	-2.633312E-1	5.217503E-1
1.020000E2	-2.609734E-1	5.194892E-1
1.021000E2	-2.602920E-1	5.189070E-1
1.022000E2	-2.639125E-1	5.158865E-1
1.023000E2	-2.652100E-1	5.148742E-1
1.024000E2	-2.660117E-1	5.124860E-1
1.025000E2	-2.664682E-1	5.115160E-1
1.026000E2	-2.657362E-1	5.114458E-1
1.027000E2	-2.663669E-1	5.123457E-1
1.028000E2	-2.654289E-1	5.122734E-1
1.029000E2	-2.638331E-1	5.131021E-1
1.030000E2	-2.651188E-1	5.126760E-1
1.031000E2	-2.654638E-1	5.152518E-1
1.032000E2	-2.671367E-1	5.182015E-1
1.033000E2	-2.677611E-1	5.171573E-1
1.034000E2	-2.668417E-1	5.153258E-1
1.035000E2	-2.650364E-1	5.157754E-1
1.036000E2	-2.648997E-1	5.122014E-1
1.037000E2	-2.669475E-1	5.118532E-1
1.038000E2	-2.656124E-1	5.153456E-1
1.039000E2	-2.649423E-1	5.137837E-1
1.040000E2	-2.650480E-1	5.113977E-1
1.041000E2	-2.622352E-1	5.147305E-1
1.042000E2	-2.622350E-1	5.155691E-1
1.043000E2	-2.629759E-1	5.130883E-1
1.044000E2	-2.624697E-1	5.092770E-1
1.045000E2	-2.618866E-1	5.101606E-1
1.046000E2	-2.617697E-1	5.084021E-1
1.047000E2	-2.616785E-1	5.077722E-1
1.048000E2	-2.597724E-1	5.047504E-1
1.049000E2	-2.601930E-1	5.049832E-1
1.050000E2	-2.598232E-1	5.050547E-1
1.051000E2	-2.587547E-1	5.073383E-1
1.052000E2	-2.593088E-1	5.055034E-1
1.053000E2	-2.594804E-1	5.065906E-1
1.054000E2	-2.599240E-1	5.066862E-1
1.055000E2	-2.584293E-1	5.102436E-1
1.056000E2	-2.593093E-1	5.112988E-1
1.057000E2	-2.605918E-1	5.128457E-1
1.058000E2	-2.600310E-1	5.137652E-1
1.059000E2	-2.602132E-1	5.127649E-1
1.060000E2	-2.606943E-1	5.127292E-1
1.061000E2	-2.605003E-1	5.118607E-1
1.062000E2	-2.582218E-1	5.096345E-1
1.063000E2	-2.554645E-1	5.082437E-1
1.064000E2	-2.550793E-1	5.062957E-1
1.065000E2	-2.518947E-1	5.053217E-1
1.066000E2	-2.532557E-1	5.097510E-1
1.067000E2	-2.538547E-1	5.091153E-1
1.068000E2	-2.496913E-1	5.101572E-1
1.069000E2	-2.508640E-1	5.137745E-1
1.070000E2	-2.535452E-1	5.146380E-1
1.071000E2	-2.536309E-1	5.185999E-1
1.072000E2	-2.540639E-1	5.191740E-1
1.073000E2	-2.539961E-1	5.209160E-1
1.074000E2	-2.552340E-1	5.188450E-1
1.075000E2	-2.576987E-1	5.222906E-1
1.076000E2	-2.618412E-1	5.242905E-1
1.077000E2	-2.619950E-1	5.251751E-1
1.078000E2	-2.636978E-1	5.231513E-1
1.079000E2	-2.651461E-1	5.233634E-1
1.080000E2	-2.649868E-1	5.234412E-1
1.081000E2	-2.646692E-1	5.206790E-1
1.082000E2	-2.648549E-1	5.210960E-1
1.083000E2	-2.639997E-1	5.221010E-1
1.084000E2	-2.640949E-1	5.192015E-1
1.085000E2	-2.654849E-1	5.180911E-1
1.086000E2	-2.638009E-1	5.153688E-1
1.087000E2	-2.657636E-1	5.146355E-1
1.088000E2	-2.664449E-1	5.139567E-1
1.089000E2	-2.672701E-1	5.135173E-1
1.090000E2	-2.671211E-1	5.124089E-1
1.091000E2	-2.674582E-1	5.125393E-1
1.092000E2	-2.684165E-1	5.113679E-1
1.093000E2	-2.653738E-1	5.104112E-1
1.094000E2	-2.666108E-1	5.107697E-1
1.095000E2	-2.655833E-1	5.089795E-1
1.096000E2	-2.652907E-1	5.076867E-1
1.097000E2	-2.636300E-1	5.070173E-1
1.098000E2	-2.623982E-1	5.072712E-1
1.099000E2	-2.631401E-1	5.056814E-1
1.100000E2	-2.644061E-1	5.060900E-1
1.101000E2	-2.646031E-1	5.069030E-1
1.102000E2	-2.664847E-1	5.062304E-1
1.103000E2	-2.642441E-1	5.067165E-1
1.104000E2	-2.664872E-1	5.095242E-1
1.105000E2	-2.680376E-1	5.113090E-1
1.106000E2	-2.650201E-1	5.116644E-1
1.107000E2	-2.645611E-1	5.113447E-1
1.108000E2	-2.648993E-1	5.108328E-1
1.109000E2	-2.633373E-1	5.117674E-1
1.110000E2	-2.638114E-1	5.122323E-1
1.111000E2	-2.616209E-1	5.138077E-1
1.112000E2	-2.660891E-1	5.147831E-1
1.113000E2	-2.655537E-1	5.146861E-1
1.114000E2	-2.639535E-1	5.153206E-1
1.115000E2	-2.649280E-1	5.151043E-1
1.116000E2	-2.663330E-1	5.153357E-1
1.117000E2	-2.693578E-1	5.165988E-1
1.118000E2	-2.702344E-1	5.148684E-1
1.119000E2	-2.706214E-1	5.151819E-1
1.120000E2	-2.701658E-1	5.163304E-1
1.121000E2	-2.696253E-1	5.211537E-1
1.122000E2	-2.718429E-1	5.222187E-1
1.123000E2	-2.718970E-1	5.236140E-1
1.124000E2	-2.711636E-1	5.218793E-1
1.125000E2	-2.707390E-1	5.230963E-1
1.126000E2	-2.699755E-1	5.223724E-1
1.127000E2	-2.718035E-1	5.219640E-1
1.128000E2	-2.727116E-1	5.221251E-1
1.129000E2	-2.725003E-1	5.217646E-1
1.130000E2	-2.691431E-1	5.226134E-1
1.131000E2	-2.711717E-1	5.227894E-1
1.132000E2	-2.712929E-1	5.272882E-1
1.133000E2	-2.713237E-1	5.267812E-1
1.134000E2	-2.720012E-1	5.261959E-1
1.135000E2	-2.705349E-1	5.256336E-1
1.136000E2	-2.699710E-1	5.269760E-1
1.137000E2	-2.693633E-1	5.266295E-1
1.138000E2	-2.699362E-1	5.293091E-1
1.139000E2	-2.704770E-1	5.306493E-1
1.140000E2	-2.713140E-1	5.277684E-1
1.141000E2	-2.686632E-1	5.269843E-1
1.142000E2	-2.672817E-1	5.301044E-1
1.143000E2	-2.654995E-1	5.305605E-1
1.144000E2	-2.675642E-1	5.300238E-1
1.145000E2	-2.714305E-1	5.322575E-1
1.146000E2	-2.724274E-1	5.323411E-1
1.147000E2	-2.749923E-1	5.337607E-1
1.148000E2	-2.732773E-1	5.322987E-1
1.149000E2	-2.735642E-1	5.329299E-1
1.150000E2	-2.727383E-1	5.326197E-1
1.151000E2	-2.706421E-1	5.296557E-1
1.152000E2	-2.715950E-1	5.305797E-1
1.153000E2	-2.731671E-1	5.320182E-1
1.154000E2	-2.705355E-1	5.322508E-1
1.155000E2	-2.719910E-1	5.342639E-1
1.156000E2	-2.711144E-1	5.356950E-1
1.157000E2	-2.717382E-1	5.356765E-1
1.158000E2	-2.744774E-1	5.363149E-1
1.159000E2	-2.753396E-1	5.355071E-1
1.160000E2	-2.732920E-1	5.363546E-1
1.161000E2	-2.749576E-1	5.347863E-1
1.162000E2	-2.748844E-1	5.339316E-1
1.163000E2	-2.769461E-1	5.332104E-1
1.164000E2	-2.773437E-1	5.366194E-1
1.165000E2	-2.760354E-1	5.363891E-1
1.166000E2	-2.748154E-1	5.356985E-1
1.167000E2	-2.753597E-1	5.373357E-1
1.168000E2	-2.762648E-1	5.368522E-1
1.169000E2	-2.754000E-1	5.382777E-1
1.170000E2	-2.754341E-1	5.395235E-1
1.171000E2	-2.741630E-1	5.404204E-1
1.172000E2	-2.735750E-1	5.399993E-1
1.173000E2	-2.743826E-1	5.376833E-1
1.174000E2	-2.737294E-1	5.352591E-1
1.175000E2	-2.732904E-1	5.376434E-1
1.176000E2	-2.748054E-1	5.369114E-1
1.177000E2	-2.783979E-1	5.377495E-1
1.178000E2	-2.774632E-1	5.360682E-1
1.179000E2	-2.778228E-1	5.370463E-1
1.180000E2	-2.782374E-1	5.369558E-1
1.181000E2	-2.781323E-1	5.369107E-1
1.182000E2	-2.777411E-1	5.346488E-1
1.183000E2	-2.807159E-1	5.356089E-1
1.184000E2	-2.812438E-1	5.355818E-1
1.185000E2	-2.808229E-1	5.323158E-1
1.186000E2	-2.777026E-1	5.301485E-1
1.187000E2	-2.795136E-1	5.298081E-1
1.188000E2	-2.844017E-1	5.299866E-1
1.189000E2	-2.852159E-1	5.261312E-1
1.190000E2	-2.833238E-1	5.285824E-1
1.191000E2	-2.831647E-1	5.276292E-1
1.192000E2	-2.835603E-1	5.268254E-1
1.193000E2	-2.820154E-1	5.268077E-1
1.194000E2	-2.828224E-1	5.300191E-1
1.195000E2	-2.815662E-1	5.295535E-1
1.196000E2	-2.839125E-1	5.308723E-1
1.197000E2	-2.854334E-1	5.302817E-1
1.198000E2	-2.872874E-1	5.297781E-1
1.199000E2	-2.877795E-1	5.309788E-1
1.200000E2	-2.868337E-1	5.302724E-1
1.201000E2	-2.881051E-1	5.306500E-1
1.202000E2	-2.897041E-1	5.307702E-1
1.203000E2	-2.911804E-1	5.309041E-1
1.204000E2	-2.929288E-1	5.298110E-1
1.205000E2	-2.916345E-1	5.299755E-1
1.206000E2	-2.904614E-1	5.293663E-1
1.207000E2	-2.913506E-1	5.285874E-1
1.208000E2	-2.924221E-1	5.281148E-1
1.209000E2	-2.944827E-1	5.286399E-1
1.210000E2	-2.918577E-1	5.301385E-1
1.211000E2	-2.916723E-1	5.311606E-1
1.212000E2	-2.918207E-1	5.322456E-1
1.213000E2	-2.905607E-1	5.325460E-1
1.214000E2	-2.887838E-1	5.319508E-1
1.215000E2	-2.873968E-1	5.320764E-1
1.216000E2	-2.876900E-1	5.310865E-1
1.217000E2	-2.878830E-1	5.325357E-1
1.218000E2	-2.855347E-1	5.343493E-1
1.219000E2	-2.877642E-1	5.365909E-1
1.220000E2	-2.886778E-1	5.370363E-1
1.221000E2	-2.881727E-1	5.376082E-1
1.222000E2	-2.880634E-1	5.371904E-1
1.223000E2	-2.893032E-1	5.372407E-1
1.224000E2	-2.885715E-1	5.376444E-1
1.225000E2	-2.869482E-1	5.383804E-1
1.226000E2	-2.851574E-1	5.388008E-1
1.227000E2	-2.870543E-1	5.404415E-1
1.228000E2	-2.892884E-1	5.415838E-1
1.229000E2	-2.865647E-1	5.410441E-1
1.230000E2	-2.860072E-1	5.413361E-1
1.231000E2	-2.849239E-1	5.413944E-1
1.232000E2	-2.818996E-1	5.428243E-1
1.233000E2	-2.814123E-1	5.431559E-1
1.234000E2	-2.817171E-1	5.422321E-1
1.235000E2	-2.839260E-1	5.410896E-1
1.236000E2	-2.837709E-1	5.441945E-1
1.237000E2	-2.828848E-1	5.428719E-1
1.238000E2	-2.821023E-1	5.406127E-1
1.239000E2	-2.832609E-1	5.385400E-1
1.240000E2	-2.832580E-1	5.401232E-1
1.241000E2	-2.823239E-1	5.374318E-1
1.242000E2	-2.825167E-1	5.394385E-1
1.243000E2	-2.842743E-1	5.398141E-1
1.244000E2	-2.854990E-1	5.397017E-1
1.245000E2	-2.866972E-1	5.402607E-1
1.246000E2	-2.865540E-1	5.382673E-1
1.247000E2	-2.876709E-1	5.390674E-1
1.248000E2	-2.882342E-1	5.392801E-1
1.249000E2	-2.869022E-1	5.420661E-1
1.250000E2	-2.880615E-1	5.423205E-1
1.251000E2	-2.875026E-1	5.408032E-1
1.252000E2	-2.873599E-1	5.394858E-1
1.253000E2	-2.887118E-1	5.357524E-1
1.254000E2	-2.844722E-1	5.358846E-1
1.255000E2	-2.855091E-1	5.347940E-1
1.256000E2	-2.868147E-1	5.351921E-1
1.257000E2	-2.894001E-1	5.367341E-1
1.258000E2	-2.928357E-1	5.359049E-1
1.259000E2	-2.933705E-1	5.377522E-1
1.260000E2	-2.919991E-1	5.366789E-1
1.261000E2	-2.914174E-1	5.385488E-1
1.262000E2	-2.923967E-1	5.424311E-1
1.263000E2	-2.924589E-1	5.423727E-1
1.264000E2	-2.930108E-1	5.419449E-1
1.265000E2	-2.933062E-1	5.437727E-1
1.266000E2	-2.965243E-1	5.411670E-1
1.267000E2	-2.960237E-1	5.397321E-1
1.268000E2	-2.967638E-1	5.406632E-1
1.269000E2	-2.978736E-1	5.427282E-1
1.270000E2	-2.983218E-1	5.399940E-1
1.271000E2	-2.949825E-1	5.417263E-1
1.272000E2	-2.954118E-1	5.415349E-1
1.273000E2	-2.951698E-1	5.408132E-1
1.274000E2	-2.915990E-1	5.390089E-1
1.275000E2	-2.901380E-1	5.376585E-1
1.276000E2	-2.897917E-1	5.347993E-1
1.277000E2	-2.907019E-1	5.351115E-1
1.278000E2	-2.885806E-1	5.341158E-1
1.279000E2	-2.902683E-1	5.340692E-1
1.280000E2	-2.894677E-1	5.349990E-1
1.281000E2	-2.908427E-1	5.352964E-1
1.282000E2	-2.902966E-1	5.340420E-1
1.283000E2	-2.878923E-1	5.361439E-1
1.284000E2	-2.869268E-1	5.360103E-1
1.285000E2	-2.854859E-1	5.358660E-1
1.286000E2	-2.833635E-1	5.352859E-1
1.287000E2	-2.837003E-1	5.339881E-1
1.288000E2	-2.824861E-1	5.343584E-1
1.289000E2	-2.805140E-1	5.343419E-1
1.290000E2	-2.782015E-1	5.350365E-1
1.291000E2	-2.784563E-1	5.336351E-1
1.292000E2	-2.750005E-1	5.344886E-1
1.293000E2	-2.763653E-1	5.355140E-1
1.294000E2	-2.789361E-1	5.345623E-1
1.295000E2	-2.806424E-1	5.323547E-1
1.296000E2	-2.790593E-1	5.323941E-1
1.297000E2	-2.778325E-1	5.353274E-1
1.298000E2	-2.775882E-1	5.364924E-1
1.299000E2	-2.739650E-1	5.340525E-1
1.300000E2	-2.746574E-1	5.360022E-1
1.301000E2	-2.723390E-1	5.374583E-1
1.302000E2	-2.710953E-1	5.360172E-1
1.303000E2	-2.691733E-1	5.384281E-1
1.304000E2	-2.667841E-1	5.369994E-1
1.305000E2	-2.677521E-1	5.370575E-1
1.306000E2	-2.699658E-1	5.388278E-1
1.307000E2	-2.702806E-1	5.399400E-1
1.308000E2	-2.697594E-1	5.410144E-1
1.309000E2	-2.691498E-1	5.412870E-1
1.310000E2	-2.686453E-1	5.383268E-1
1.311000E2	-2.683342E-1	5.407607E-1
1.312000E2	-2.671954E-1	5.405977E-1
1.313000E2	-2.682084E-1	5.398445E-1
1.314000E2	-2.670385E-1	5.401586E-1
1.315000E2	-2.677219E-1	5.407866E-1
1.316000E2	-2.671287E-1	5.428608E-1
1.317000E2	-2.676863E-1	5.411886E-1
1.318000E2	-2.673676E-1	5.396710E-1
1.319000E2	-2.681245E-1	5.399215E-1
1.320000E2	-2.669108E-1	5.404014E-1
1.321000E2	-2.673476E-1	5.397478E-1
1.322000E2	-2.676595E-1	5.417164E-1
1.323000E2	-2.677696E-1	5.408914E-1
1.324000E2	-2.677185E-1	5.395780E-1
1.325000E2	-2.655761E-1	5.394131E-1
1.326000E2	-2.653244E-1	5.365852E-1
1.327000E2	-2.650614E-1	5.376255E-1
1.328000E2	-2.642966E-1	5.379906E-1
1.329000E2	-2.628914E-1	5.397699E-1
1.330000E2	-2.606852E-1	5.419794E-1
1.331000E2	-2.593281E-1	5.417642E-1
1.332000E2	-2.562438E-1	5.427939E-1
1.333000E2	-2.561063E-1	5.436316E-1
1.334000E2	-2.556700E-1	5.444069E-1
1.335000E2	-2.544232E-1	5.434173E-1
1.336000E2	-2.536995E-1	5.429625E-1
1.337000E2	-2.529812E-1	5.443065E-1
1.338000E2	-2.523033E-1	5.444721E-1
1.339000E2	-2.493033E-1	5.426010E-1
1.340000E2	-2.488246E-1	5.451586E-1
1.341000E2	-2.492808E-1	5.471524E-1
1.342000E2	-2.513865E-1	5.482246E-1
1.343000E2	-2.514124E-1	5.522793E-1
1.344000E2	-2.502593E-1	5.496837E-1
1.345000E2	-2.517067E-1	5.496244E-1
1.346000E2	-2.522585E-1	5.511366E-1
1.347000E2	-2.515437E-1	5.541953E-1
1.348000E2	-2.540640E-1	5.539470E-1
1.349000E2	-2.575454E-1	5.555695E-1
1.350000E2	-2.598405E-1	5.561472E-1
1.351000E2	-2.590274E-1	5.566529E-1
1.352000E2	-2.599954E-1	5.568051E-1
1.353000E2	-2.586245E-1	5.554186E-1
1.354000E2	-2.548290E-1	5.542156E-1
1.355000E2	-2.554175E-1	5.553831E-1
1.356000E2	-2.548920E-1	5.554380E-1
1.357000E2	-2.546504E-1	5.553907E-1
1.358000E2	-2.549063E-1	5.555526E-1
1.359000E2	-2.577580E-1	5.541670E-1
1.360000E2	-2.593225E-1	5.555197E-1
1.361000E2	-2.588042E-1	5.563981E-1
1.362000E2	-2.589540E-1	5.564258E-1
1.363000E2	-2.584680E-1	5.557910E-1
1.364000E2	-2.568963E-1	5.574684E-1
1.365000E2	-2.555749E-1	5.587261E-1
1.366000E2	-2.566082E-1	5.578155E-1
1.367000E2	-2.574690E-1	5.588652E-1
1.368000E2	-2.579452E-1	5.598515E-1
1.369000E2	-2.590901E-1	5.580469E-1
1.370000E2	-2.597525E-1	5.574486E-1
1.371000E2	-2.608917E-1	5.597122E-1
1.372000E2	-2.606728E-1	5.604685E-1
1.373000E2	-2.590690E-1	5.579233E-1
1.374000E2	-2.606111E-1	5.535485E-1
1.375000E2	-2.574154E-1	5.562926E-1
1.376000E2	-2.591028E-1	5.569237E-1
1.377000E2	-2.550931E-1	5.549850E-1
1.378000E2	-2.555170E-1	5.550889E-1
1.379000E2	-2.541690E-1	5.547212E-1
1.380000E2	-2.543478E-1	5.545612E-1
1.381000E2	-2.573714E-1	5.556210E-1
1.382000E2	-2.551978E-1	5.576622E-1
1.383000E2	-2.539992E-1	5.584737E-1
1.384000E2	-2.552148E-1	5.611206E-1
1.385000E2	-2.596498E-1	5.626505E-1
1.386000E2	-2.605535E-1	5.606717E-1
1.387000E2	-2.609905E-1	5.602041E-1
1.388000E2	-2.620225E-1	5.603529E-1
1.389000E2	-2.612483E-1	5.610531E-1
1.390000E2	-2.602370E-1	5.630448E-1
1.391000E2	-2.609651E-1	5.637639E-1
1.392000E2	-2.620173E-1	5.652181E-1
1.393000E2	-2.619364E-1	5.643034E-1
1.394000E2	-2.620606E-1	5.635696E-1
1.395000E2	-2.653946E-1	5.642102E-1
1.396000E2	-2.653645E-1	5.641632E-1
1.397000E2	-2.661644E-1	5.621413E-1
1.398000E2	-2.637066E-1	5.637743E-1
1.399000E2	-2.648355E-1	5.635971E-1
1.400000E2	-2.673626E-1	5.652330E-1
1.401000E2	-2.680551E-1	5.667404E-1
1.402000E2	-2.681640E-1	5.665705E-1
1.403000E2	-2.668212E-1	5.662519E-1
1.404000E2	-2.664330E-1	5.668460E-1
1.405000E2	-2.645304E-1	5.697068E-1
1.406000E2	-2.629290E-1	5.711659E-1
1.407000E2	-2.626949E-1	5.719138E-1
1.408000E2	-2.632979E-1	5.728369E-1
1.409000E2	-2.638002E-1	5.739122E-1
1.410000E2	-2.606745E-1	5.742438E-1
1.411000E2	-2.568124E-1	5.744270E-1
1.412000E2	-2.567726E-1	5.748048E-1
1.413000E2	-2.591770E-1	5.753516E-1
1.414000E2	-2.619288E-1	5.741057E-1
1.415000E2	-2.621834E-1	5.739097E-1
1.416000E2	-2.616672E-1	5.735785E-1
1.417000E2	-2.588700E-1	5.719647E-1
1.418000E2	-2.571297E-1	5.687702E-1
1.419000E2	-2.580177E-1	5.704391E-1
1.420000E2	-2.583898E-1	5.716065E-1
1.421000E2	-2.572680E-1	5.725776E-1
1.422000E2	-2.558058E-1	5.740587E-1
1.423000E2	-2.573088E-1	5.732539E-1
1.424000E2	-2.538160E-1	5.738803E-1
1.425000E2	-2.524117E-1	5.723286E-1
1.426000E2	-2.514275E-1	5.703448E-1
1.427000E2	-2.508355E-1	5.713164E-1
1.428000E2	-2.504404E-1	5.710836E-1
1.429000E2	-2.489117E-1	5.716034E-1
1.430000E2	-2.508290E-1	5.712261E-1
1.431000E2	-2.495233E-1	5.736634E-1
1.432000E2	-2.490283E-1	5.742205E-1
1.433000E2	-2.488047E-1	5.722058E-1
1.434000E2	-2.487671E-1	5.724285E-1
1.435000E2	-2.474723E-1	5.716093E-1
1.436000E2	-2.475489E-1	5.714823E-1
1.437000E2	-2.461018E-1	5.711643E-1
1.438000E2	-2.474752E-1	5.707543E-1
1.439000E2	-2.489249E-1	5.701199E-1
1.440000E2	-2.500425E-1	5.727591E-1
1.441000E2	-2.471816E-1	5.725095E-1
1.442000E2	-2.460787E-1	5.711220E-1
1.443000E2	-2.466051E-1	5.697016E-1
1.444000E2	-2.471677E-1	5.682138E-1
1.445000E2	-2.478547E-1	5.706639E-1
1.446000E2	-2.481370E-1	5.704872E-1
1.447000E2	-2.478049E-1	5.705980E-1
1.448000E2	-2.458441E-1	5.708208E-1
1.449000E2	-2.467708E-1	5.709016E-1
1.450000E2	-2.464620E-1	5.725664E-1
1.451000E2	-2.484718E-1	5.699204E-1
1.452000E2	-2.467730E-1	5.672343E-1
1.453000E2	-2.482600E-1	5.682246E-1
1.454000E2	-2.472957E-1	5.673428E-1
1.455000E2	-2.466229E-1	5.662853E-1
1.456000E2	-2.474272E-1	5.670811E-1
1.457000E2	-2.466073E-1	5.679086E-1
1.458000E2	-2.470608E-1	5.671575E-1
1.459000E2	-2.481249E-1	5.675048E-1
1.460000E2	-2.491455E-1	5.698434E-1
1.461000E2	-2.493249E-1	5.672814E-1
1.462000E2	-2.495481E-1	5.686745E-1
1.463000E2	-2.491123E-1	5.685547E-1
1.464000E2	-2.493591E-1	5.700841E-1
1.465000E2	-2.496406E-1	5.693823E-1
1.466000E2	-2.493334E-1	5.701365E-1
1.467000E2	-2.489371E-1	5.704717E-1
1.468000E2	-2.498954E-1	5.704535E-1
1.469000E2	-2.482291E-1	5.678799E-1
1.470000E2	-2.470510E-1	5.675429E-1
1.471000E2	-2.499316E-1	5.678950E-1
1.472000E2	-2.529342E-1	5.667863E-1
1.473000E2	-2.541775E-1	5.668599E-1
1.474000E2	-2.549361E-1	5.659798E-1
1.475000E2	-2.534713E-1	5.655130E-1
1.476000E2	-2.498824E-1	5.644638E-1
1.477000E2	-2.528237E-1	5.650585E-1
1.478000E2	-2.550650E-1	5.655495E-1
1.479000E2	-2.542973E-1	5.655723E-1
1.480000E2	-2.543602E-1	5.663126E-1
1.481000E2	-2.546131E-1	5.657328E-1
1.482000E2	-2.533734E-1	5.661390E-1
1.483000E2	-2.521701E-1	5.699464E-1
1.484000E2	-2.524261E-1	5.725342E-1
1.485000E2	-2.527799E-1	5.730285E-1
1.486000E2	-2.530893E-1	5.735421E-1
1.487000E2	-2.523594E-1	5.716496E-1
1.488000E2	-2.530742E-1	5.726717E-1
1.489000E2	-2.510373E-1	5.724317E-1
1.490000E2	-2.507806E-1	5.759638E-1
1.491000E2	-2.483250E-1	5.752722E-1
1.492000E2	-2.482577E-1	5.733589E-1
1.493000E2	-2.457839E-1	5.735918E-1
1.494000E2	-2.446382E-1	5.732156E-1
1.495000E2	-2.398371E-1	5.742665E-1
1.496000E2	-2.411898E-1	5.747141E-1
1.497000E2	-2.433110E-1	5.764737E-1
1.498000E2	-2.462524E-1	5.757562E-1
1.499000E2	-2.495355E-1	5.774804E-1
1.500000E2	-2.497429E-1	5.777549E-1
1.501000E2	-2.494426E-1	5.780633E-1
1.502000E2	-2.532455E-1	5.783243E-1
1.503000E2	-2.507835E-1	5.787359E-1
1.504000E2	-2.516731E-1	5.788785E-1
1.505000E2	-2.531666E-1	5.789238E-1
1.506000E2	-2.522601E-1	5.787909E-1
1.507000E2	-2.511088E-1	5.787423E-1
1.508000E2	-2.532813E-1	5.788160E-1
1.509000E2	-2.548496E-1	5.787294E-1
1.510000E2	-2.592834E-1	5.785308E-1
1.511000E2	-2.620461E-1	5.783905E-1
1.512000E2	-2.617428E-1	5.786673E-1
1.513000E2	-2.626207E-1	5.788027E-1
1.514000E2	-2.639301E-1	5.783382E-1
1.515000E2	-2.641833E-1	5.781835E-1
1.516000E2	-2.647804E-1	5.783647E-1
1.517000E2	-2.613631E-1	5.784661E-1
1.518000E2	-2.603067E-1	5.783590E-1
1.519000E2	-2.623605E-1	5.782781E-1
1.520000E2	-2.629832E-1	5.784724E-1
1.521000E2	-2.635383E-1	5.786072E-1
1.522000E2	-2.632226E-1	5.779811E-1
1.523000E2	-2.621436E-1	5.754171E-1
1.524000E2	-2.616884E-1	5.759844E-1
1.525000E2	-2.615147E-1	5.764354E-1
1.526000E2	-2.625039E-1	5.778581E-1
1.527000E2	-2.639234E-1	5.783439E-1
1.528000E2	-2.637991E-1	5.787582E-1
1.529000E2	-2.614134E-1	5.787615E-1
1.530000E2	-2.601966E-1	5.785262E-1
1.531000E2	-2.639115E-1	5.788921E-1
1.532000E2	-2.656935E-1	5.787597E-1
1.533000E2	-2.628685E-1	5.788111E-1
1.534000E2	-2.618001E-1	5.787609E-1
1.535000E2	-2.649346E-1	5.784561E-1
1.536000E2	-2.640686E-1	5.782897E-1
1.537000E2	-2.629119E-1	5.785354E-1
1.538000E2	-2.644239E-1	5.782869E-1
1.539000E2	-2.634977E-1	5.781028E-1
1.540000E2	-2.612289E-1	5.783759E-1
1.541000E2	-2.614259E-1	5.786273E-1
1.542000E2	-2.600958E-1	5.783413E-1
1.543000E2	-2.588495E-1	5.781360E-1
1.544000E2	-2.584726E-1	5.768610E-1
1.545000E2	-2.555420E-1	5.768851E-1
1.546000E2	-2.560191E-1	5.752481E-1
1.547000E2	-2.557728E-1	5.779510E-1
1.548000E2	-2.565676E-1	5.781283E-1
1.549000E2	-2.560032E-1	5.782317E-1
1.550000E2	-2.546724E-1	5.778980E-1
1.551000E2	-2.554307E-1	5.783233E-1
1.552000E2	-2.555116E-1	5.784148E-1
1.553000E2	-2.555013E-1	5.786134E-1
1.554000E2	-2.568078E-1	5.769438E-1
1.555000E2	-2.566059E-1	5.760064E-1
1.556000E2	-2.549986E-1	5.746307E-1
1.557000E2	-2.549115E-1	5.740240E-1
1.558000E2	-2.574808E-1	5.727870E-1
1.559000E2	-2.618080E-1	5.723941E-1
1.560000E2	-2.627152E-1	5.719290E-1
1.561000E2	-2.644614E-1	5.713479E-1
1.562000E2	-2.639677E-1	5.733197E-1
1.563000E2	-2.635678E-1	5.754411E-1
1.564000E2	-2.627673E-1	5.749637E-1
1.565000E2	-2.655851E-1	5.739030E-1
1.566000E2	-2.683882E-1	5.771821E-1
1.567000E2	-2.699294E-1	5.767077E-1
1.568000E2	-2.731500E-1	5.759709E-1
1.569000E2	-2.740766E-1	5.748881E-1
1.570000E2	-2.750171E-1	5.738033E-1
1.571000E2	-2.769053E-1	5.746376E-1
1.572000E2	-2.766164E-1	5.750587E-1
1.573000E2	-2.733316E-1	5.744064E-1
1.574000E2	-2.735718E-1	5.736439E-1
1.575000E2	-2.728013E-1	5.747051E-1
1.576000E2	-2.734001E-1	5.725454E-1
1.577000E2	-2.732662E-1	5.727164E-1
1.578000E2	-2.715638E-1	5.731758E-1
1.579000E2	-2.721618E-1	5.717726E-1
1.580000E2	-2.757916E-1	5.720696E-1
1.581000E2	-2.748149E-1	5.703129E-1
1.582000E2	-2.738933E-1	5.716688E-1
1.583000E2	-2.737488E-1	5.698645E-1
1.584000E2	-2.740802E-1	5.716989E-1
1.585000E2	-2.736485E-1	5.722245E-1
1.586000E2	-2.728739E-1	5.712771E-1
1.587000E2	-2.701237E-1	5.709005E-1
1.588000E2	-2.676893E-1	5.714122E-1
1.589000E2	-2.676257E-1	5.706468E-1
1.590000E2	-2.652186E-1	5.708391E-1
1.591000E2	-2.628932E-1	5.713855E-1
1.592000E2	-2.639968E-1	5.706169E-1
1.593000E2	-2.634963E-1	5.687289E-1
1.594000E2	-2.646299E-1	5.679156E-1
1.595000E2	-2.669668E-1	5.662432E-1
1.596000E2	-2.670041E-1	5.667986E-1
1.597000E2	-2.668862E-1	5.671787E-1
1.598000E2	-2.661358E-1	5.686905E-1
1.599000E2	-2.700468E-1	5.685454E-1
1.600000E2	-2.677252E-1	5.686793E-1
1.601000E2	-2.669751E-1	5.687402E-1
1.602000E2	-2.668702E-1	5.677395E-1
1.603000E2	-2.668919E-1	5.660959E-1
1.604000E2	-2.652346E-1	5.681441E-1
1.605000E2	-2.652814E-1	5.665849E-1
1.606000E2	-2.654284E-1	5.659224E-1
1.607000E2	-2.641492E-1	5.647305E-1
1.608000E2	-2.638066E-1	5.620164E-1
1.609000E2	-2.621103E-1	5.624003E-1
1.610000E2	-2.621245E-1	5.626125E-1
1.611000E2	-2.642209E-1	5.634976E-1
1.612000E2	-2.641251E-1	5.615826E-1
1.613000E2	-2.643626E-1	5.598474E-1
1.614000E2	-2.645774E-1	5.587249E-1
1.615000E2	-2.639684E-1	5.589699E-1
1.616000E2	-2.651314E-1	5.577642E-1
1.617000E2	-2.634495E-1	5.567715E-1
1.618000E2	-2.626638E-1	5.557851E-1
1.619000E2	-2.617737E-1	5.543656E-1
1.620000E2	-2.606551E-1	5.534753E-1
1.621000E2	-2.613919E-1	5.512328E-1
1.622000E2	-2.633469E-1	5.505558E-1
1.623000E2	-2.634959E-1	5.527577E-1
1.624000E2	-2.629914E-1	5.547456E-1
1.625000E2	-2.651405E-1	5.529379E-1
1.626000E2	-2.646310E-1	5.526017E-1
1.627000E2	-2.668687E-1	5.539104E-1
1.628000E2	-2.680573E-1	5.542947E-1
1.629000E2	-2.688255E-1	5.544616E-1
1.630000E2	-2.702213E-1	5.548391E-1
1.631000E2	-2.691501E-1	5.555839E-1
1.632000E2	-2.667410E-1	5.544792E-1
1.633000E2	-2.710653E-1	5.543237E-1
1.634000E2	-2.729682E-1	5.562970E-1
1.635000E2	-2.724540E-1	5.588037E-1
1.636000E2	-2.723237E-1	5.595593E-1
1.637000E2	-2.722427E-1	5.591161E-1
1.638000E2	-2.728418E-1	5.599050E-1
1.639000E2	-2.698343E-1	5.591071E-1
1.640000E2	-2.719066E-1	5.586315E-1
1.641000E2	-2.698543E-1	5.556485E-1
1.642000E2	-2.680771E-1	5.562088E-1
1.643000E2	-2.680561E-1	5.536644E-1
1.644000E2	-2.672335E-1	5.552620E-1
1.645000E2	-2.672292E-1	5.565639E-1
1.646000E2	-2.656359E-1	5.583242E-1
1.647000E2	-2.632360E-1	5.570457E-1
1.648000E2	-2.585664E-1	5.544910E-1
1.649000E2	-2.597469E-1	5.526400E-1
1.650000E2	-2.626808E-1	5.512646E-1
1.651000E2	-2.613235E-1	5.534090E-1
1.652000E2	-2.615301E-1	5.551064E-1
1.653000E2	-2.626966E-1	5.547894E-1
1.654000E2	-2.649040E-1	5.543871E-1
1.655000E2	-2.650396E-1	5.540246E-1
1.656000E2	-2.659677E-1	5.533497E-1
1.657000E2	-2.665615E-1	5.530303E-1
1.658000E2	-2.663719E-1	5.531379E-1
1.659000E2	-2.684149E-1	5.471913E-1
1.660000E2	-2.703663E-1	5.433644E-1
1.661000E2	-2.706969E-1	5.466745E-1
1.662000E2	-2.684018E-1	5.442939E-1
1.663000E2	-2.680377E-1	5.424966E-1
1.664000E2	-2.706632E-1	5.404705E-1
1.665000E2	-2.699519E-1	5.380608E-1
1.666000E2	-2.714456E-1	5.372500E-1
1.667000E2	-2.710806E-1	5.367788E-1
1.668000E2	-2.719237E-1	5.412045E-1
1.669000E2	-2.723624E-1	5.408092E-1
1.670000E2	-2.742589E-1	5.424446E-1
1.671000E2	-2.727014E-1	5.414249E-1
1.672000E2	-2.734963E-1	5.407850E-1
1.673000E2	-2.694698E-1	5.415846E-1
1.674000E2	-2.683566E-1	5.421126E-1
1.675000E2	-2.703336E-1	5.414873E-1
1.676000E2	-2.728629E-1	5.425246E-1
1.677000E2	-2.759735E-1	5.427890E-1
1.678000E2	-2.756707E-1	5.395492E-1
1.679000E2	-2.768079E-1	5.389265E-1
1.680000E2	-2.797937E-1	5.394190E-1
1.681000E2	-2.812626E-1	5.393825E-1
1.682000E2	-2.814100E-1	5.393435E-1
1.683000E2	-2.819491E-1	5.391620E-1
1.684000E2	-2.805372E-1	5.374663E-1
1.685000E2	-2.800030E-1	5.373218E-1
1.686000E2	-2.812329E-1	5.379310E-1
1.687000E2	-2.816513E-1	5.366557E-1
1.688000E2	-2.828929E-1	5.367408E-1
1.689000E2	-2.807630E-1	5.345042E-1
1.690000E2	-2.807710E-1	5.348122E-1
1.691000E2	-2.806537E-1	5.347011E-1
1.692000E2	-2.786456E-1	5.344164E-1
1.693000E2	-2.811003E-1	5.356164E-1
1.694000E2	-2.821756E-1	5.335020E-1
1.695000E2	-2.829159E-1	5.317069E-1
1.696000E2	-2.793448E-1	5.311458E-1
1.697000E2	-2.815840E-1	5.314530E-1
1.698000E2	-2.817596E-1	5.322287E-1
1.699000E2	-2.840928E-1	5.320338E-1
1.700000E2	-2.857544E-1	5.333327E-1
1.701000E2	-2.851101E-1	5.322736E-1
1.702000E2	-2.860868E-1	5.318571E-1
1.703000E2	-2.853463E-1	5.343910E-1
1.704000E2	-2.835206E-1	5.356551E-1
1.705000E2	-2.816131E-1	5.371094E-1
1.706000E2	-2.844216E-1	5.399546E-1
1.707000E2	-2.826584E-1	5.408107E-1
1.708000E2	-2.824049E-1	5.417315E-1
1.709000E2	-2.848001E-1	5.397857E-1
1.710000E2	-2.847420E-1	5.416959E-1
1.711000E2	-2.832445E-1	5.432407E-1
1.712000E2	-2.821952E-1	5.439164E-1
1.713000E2	-2.809984E-1	5.437244E-1
1.714000E2	-2.806539E-1	5.432687E-1
1.715000E2	-2.799862E-1	5.393595E-1
1.716000E2	-2.798609E-1	5.393710E-1
1.717000E2	-2.778961E-1	5.373701E-1
1.718000E2	-2.808319E-1	5.336147E-1
1.719000E2	-2.784974E-1	5.329374E-1
1.720000E2	-2.806531E-1	5.346326E-1
1.721000E2	-2.805751E-1	5.363128E-1
1.722000E2	-2.803460E-1	5.361833E-1
1.723000E2	-2.784073E-1	5.359161E-1
1.724000E2	-2.768241E-1	5.355782E-1
1.725000E2	-2.755063E-1	5.353535E-1
1.726000E2	-2.758763E-1	5.355669E-1
1.727000E2	-2.736151E-1	5.386300E-1
1.728000E2	-2.717524E-1	5.386132E-1
1.729000E2	-2.734813E-1	5.339188E-1
1.730000E2	-2.726266E-1	5.348750E-1
1.731000E2	-2.739124E-1	5.349695E-1
1.732000E2	-2.729812E-1	5.331907E-1
1.733000E2	-2.744738E-1	5.314777E-1
1.734000E2	-2.721785E-1	5.300540E-1
1.735000E2	-2.712046E-1	5.296379E-1
1.736000E2	-2.689654E-1	5.293913E-1
1.737000E2	-2.704022E-1	5.266104E-1
1.738000E2	-2.698838E-1	5.266691E-1
1.739000E2	-2.712745E-1	5.258858E-1
1.740000E2	-2.730640E-1	5.253607E-1
1.741000E2	-2.733750E-1	5.242698E-1
1.742000E2	-2.725881E-1	5.253278E-1
1.743000E2	-2.714509E-1	5.257303E-1
1.744000E2	-2.721952E-1	5.261048E-1
1.745000E2	-2.710198E-1	5.272225E-1
1.746000E2	-2.714593E-1	5.280664E-1
1.747000E2	-2.727225E-1	5.259893E-1
1.748000E2	-2.711532E-1	5.253512E-1
1.749000E2	-2.712181E-1	5.281742E-1
1.750000E2	-2.721945E-1	5.280034E-1
1.751000E2	-2.728253E-1	5.296442E-1
1.752000E2	-2.735582E-1	5.319606E-1
1.753000E2	-2.727979E-1	5.303798E-1
1.754000E2	-2.714837E-1	5.295064E-1
1.755000E2	-2.726619E-1	5.306643E-1
1.756000E2	-2.725034E-1	5.341583E-1
1.757000E2	-2.723680E-1	5.357136E-1
1.758000E2	-2.738462E-1	5.350336E-1
1.759000E2	-2.757297E-1	5.349341E-1
1.760000E2	-2.747532E-1	5.335022E-1
1.761000E2	-2.728908E-1	5.320490E-1
1.762000E2	-2.725796E-1	5.302953E-1
1.763000E2	-2.722295E-1	5.282782E-1
1.764000E2	-2.715636E-1	5.288695E-1
1.765000E2	-2.709941E-1	5.281630E-1
1.766000E2	-2.700718E-1	5.267665E-1
1.767000E2	-2.680565E-1	5.292655E-1
1.768000E2	-2.674699E-1	5.296988E-1
1.769000E2	-2.667445E-1	5.320765E-1
1.770000E2	-2.653193E-1	5.323981E-1
1.771000E2	-2.656683E-1	5.304474E-1
1.772000E2	-2.641987E-1	5.297138E-1
1.773000E2	-2.656728E-1	5.320685E-1
1.774000E2	-2.659316E-1	5.338801E-1
1.775000E2	-2.651764E-1	5.336756E-1
1.776000E2	-2.640733E-1	5.335315E-1
1.777000E2	-2.677564E-1	5.332062E-1
1.778000E2	-2.730849E-1	5.339616E-1
1.779000E2	-2.736897E-1	5.340448E-1
1.780000E2	-2.734121E-1	5.339137E-1
1.781000E2	-2.728076E-1	5.316477E-1
1.782000E2	-2.711078E-1	5.326258E-1
1.783000E2	-2.738494E-1	5.328218E-1
1.784000E2	-2.730810E-1	5.327373E-1
1.785000E2	-2.736248E-1	5.311986E-1
1.786000E2	-2.756375E-1	5.295548E-1
1.787000E2	-2.761755E-1	5.281948E-1
1.788000E2	-2.765513E-1	5.299654E-1
1.789000E2	-2.779834E-1	5.293669E-1
1.790000E2	-2.784897E-1	5.297731E-1
1.791000E2	-2.796227E-1	5.295268E-1
1.792000E2	-2.782073E-1	5.293542E-1
1.793000E2	-2.788301E-1	5.299369E-1
1.794000E2	-2.803942E-1	5.310639E-1
1.795000E2	-2.791052E-1	5.349868E-1
1.796000E2	-2.778577E-1	5.345469E-1
1.797000E2	-2.757187E-1	5.354212E-1
1.798000E2	-2.763373E-1	5.346200E-1
1.799000E2	-2.754247E-1	5.356634E-1
1.800000E2	-2.753845E-1	5.362407E-1
1.801000E2	-2.750836E-1	5.363329E-1
1.802000E2	-2.741063E-1	5.371448E-1
1.803000E2	-2.736408E-1	5.361445E-1
1.804000E2	-2.688811E-1	5.364269E-1
