0.000000E0	-7.005366E-2	5.210241E-1
2.000000E-1	-7.150829E-2	5.231655E-1
3.000000E-1	-7.171103E-2	5.196815E-1
4.000000E-1	-7.143211E-2	5.189084E-1
5.000000E-1	-7.088051E-2	5.163721E-1
6.000000E-1	-7.048901E-2	5.148717E-1
7.000000E-1	-6.979398E-2	5.149095E-1
8.000000E-1	-7.137215E-2	5.133300E-1
9.000000E-1	-6.996530E-2	5.136825E-1
1.000000E0	-7.041144E-2	5.111483E-1
1.100000E0	-7.114137E-2	5.125752E-1
1.200000E0	-7.232581E-2	5.112532E-1
1.300000E0	-7.133633E-2	5.108333E-1
1.400000E0	-7.158036E-2	5.100818E-1
1.500000E0	-7.287675E-2	5.093543E-1
1.600000E0	-7.219004E-2	5.095996E-1
1.700000E0	-7.160724E-2	5.086740E-1
1.800000E0	-7.180260E-2	5.065558E-1
1.900000E0	-7.281487E-2	5.045052E-1
2.000000E0	-7.061850E-2	5.038724E-1
2.100000E0	-6.818196E-2	5.047385E-1
2.200000E0	-6.678057E-2	5.043192E-1
2.300000E0	-6.980545E-2	5.034753E-1
2.400000E0	-7.048333E-2	5.028497E-1
2.500000E0	-7.127028E-2	5.011467E-1
2.600000E0	-7.276479E-2	5.021316E-1
2.700000E0	-7.472125E-2	4.998732E-1
2.800000E0	-7.252452E-2	5.003362E-1
2.900000E0	-7.146255E-2	5.016792E-1
3.000000E0	-6.992534E-2	5.019878E-1
3.100000E0	-7.024066E-2	5.030247E-1
3.200000E0	-7.062705E-2	5.004913E-1
3.300000E0	-6.967421E-2	5.000737E-1
3.400000E0	-6.847485E-2	4.990353E-1
3.500000E0	-6.694939E-2	4.973797E-1
3.600000E0	-6.531826E-2	4.990240E-1
3.700000E0	-6.294329E-2	4.970724E-1
3.800000E0	-6.423856E-2	4.959525E-1
3.900000E0	-6.357858E-2	4.938238E-1
4.000000E0	-6.339222E-2	4.924300E-1
4.100000E0	-6.363635E-2	4.906866E-1
4.200000E0	-6.510408E-2	4.913436E-1
4.300000E0	-6.757719E-2	4.932168E-1
4.400000E0	-6.876613E-2	4.930014E-1
4.500000E0	-7.017868E-2	4.937443E-1
4.600000E0	-7.087138E-2	4.936958E-1
4.700000E0	-7.106245E-2	4.925764E-1
4.800000E0	-7.126690E-2	4.910944E-1
4.900000E0	-7.173233E-2	4.901130E-1
5.000000E0	-7.201662E-2	4.891446E-1
5.100000E0	-7.213399E-2	4.888863E-1
5.200000E0	-7.170738E-2	4.883603E-1
5.300000E0	-7.217471E-2	4.886027E-1
5.400000E0	-7.257891E-2	4.889106E-1
5.500000E0	-7.180274E-2	4.866779E-1
5.600000E0	-7.070993E-2	4.844299E-1
5.700000E0	-7.155381E-2	4.832051E-1
5.800000E0	-7.139552E-2	4.831636E-1
5.900000E0	-6.912980E-2	4.832583E-1
6.000000E0	-6.891008E-2	4.831379E-1
6.200000E0	-6.661062E-2	4.815067E-1
6.300000E0	-6.753051E-2	4.820896E-1
6.400000E0	-6.878396E-2	4.819499E-1
6.500000E0	-6.939102E-2	4.801369E-1
6.600000E0	-6.836738E-2	4.807495E-1
6.700000E0	-6.867668E-2	4.797269E-1
6.800000E0	-7.219754E-2	4.814349E-1
6.900000E0	-7.343392E-2	4.808272E-1
7.000000E0	-7.360267E-2	4.793984E-1
7.100000E0	-7.536670E-2	4.767911E-1
7.200000E0	-7.355031E-2	4.760703E-1
7.300000E0	-7.495814E-2	4.767230E-1
7.400000E0	-7.393303E-2	4.761694E-1
7.500000E0	-7.485547E-2	4.759062E-1
7.600000E0	-7.479057E-2	4.739635E-1
7.700000E0	-7.441414E-2	4.730573E-1
7.800000E0	-7.383430E-2	4.738310E-1
7.900000E0	-7.451441E-2	4.723640E-1
8.000000E0	-7.339085E-2	4.727348E-1
8.100000E0	-7.225315E-2	4.693216E-1
8.200000E0	-7.145945E-2	4.672772E-1
8.300000E0	-7.244401E-2	4.656075E-1
8.400000E0	-7.448674E-2	4.642665E-1
8.500000E0	-7.576076E-2	4.636342E-1
8.600000E0	-7.672319E-2	4.626925E-1
8.700000E0	-7.593483E-2	4.625006E-1
8.800000E0	-7.539099E-2	4.588032E-1
8.900000E0	-7.703216E-2	4.561123E-1
9.000000E0	-7.715498E-2	4.524836E-1
9.100000E0	-7.719986E-2	4.533165E-1
9.200000E0	-7.711945E-2	4.526899E-1
9.300000E0	-7.556602E-2	4.537244E-1
9.400000E0	-7.519025E-2	4.536397E-1
9.500000E0	-7.512383E-2	4.521376E-1
9.600000E0	-7.412713E-2	4.488176E-1
9.700000E0	-7.223088E-2	4.478916E-1
9.800000E0	-7.206353E-2	4.473082E-1
9.900000E0	-7.109385E-2	4.441934E-1
1.000000E1	-7.200988E-2	4.441890E-1
1.010000E1	-7.271584E-2	4.443003E-1
1.020000E1	-7.418010E-2	4.433213E-1
1.030000E1	-7.251242E-2	4.427332E-1
1.040000E1	-7.135389E-2	4.420870E-1
1.050000E1	-7.218736E-2	4.408504E-1
1.060000E1	-7.222842E-2	4.419102E-1
1.070000E1	-7.298128E-2	4.386586E-1
1.080000E1	-7.473648E-2	4.382154E-1
1.090000E1	-7.463238E-2	4.379427E-1
1.100000E1	-7.446453E-2	4.380516E-1
1.110000E1	-7.162615E-2	4.402626E-1
1.120000E1	-7.274193E-2	4.393000E-1
1.130000E1	-7.146199E-2	4.388407E-1
1.140000E1	-7.059436E-2	4.386974E-1
1.150000E1	-7.020872E-2	4.361582E-1
1.160000E1	-6.791173E-2	4.345157E-1
1.170000E1	-6.719543E-2	4.349416E-1
1.180000E1	-6.917941E-2	4.351803E-1
1.190000E1	-7.078155E-2	4.352736E-1
1.200000E1	-7.035891E-2	4.342708E-1
1.210000E1	-6.952825E-2	4.324472E-1
1.220000E1	-6.964279E-2	4.314551E-1
1.230000E1	-6.825766E-2	4.297148E-1
1.240000E1	-6.917135E-2	4.289371E-1
1.250000E1	-6.917083E-2	4.280211E-1
1.260000E1	-6.746745E-2	4.254739E-1
1.270000E1	-6.639591E-2	4.220263E-1
1.280000E1	-6.549085E-2	4.222707E-1
1.290000E1	-6.491640E-2	4.221971E-1
1.300000E1	-6.575068E-2	4.244640E-1
1.310000E1	-6.418362E-2	4.227719E-1
1.330000E1	-6.571091E-2	4.221255E-1
1.350000E1	-6.744845E-2	4.206829E-1
1.400000E1	-6.867593E-2	4.200310E-1
1.410000E1	-6.882808E-2	4.206090E-1
1.420000E1	-6.904920E-2	4.208431E-1
1.430000E1	-7.113381E-2	4.203025E-1
1.440000E1	-7.084425E-2	4.212472E-1
1.450000E1	-7.278605E-2	4.199059E-1
1.460000E1	-7.349812E-2	4.198375E-1
1.470000E1	-7.248235E-2	4.200108E-1
1.480000E1	-7.551261E-2	4.202584E-1
1.490000E1	-7.547542E-2	4.210280E-1
1.500000E1	-7.633451E-2	4.229190E-1
1.510000E1	-7.572452E-2	4.209614E-1
1.520000E1	-7.479530E-2	4.199433E-1
1.530000E1	-7.623317E-2	4.202340E-1
1.540000E1	-7.575520E-2	4.206165E-1
1.550000E1	-7.553432E-2	4.196385E-1
1.560000E1	-7.796348E-2	4.188820E-1
1.570000E1	-7.741713E-2	4.195897E-1
1.580000E1	-7.684353E-2	4.197064E-1
1.590000E1	-7.581788E-2	4.199173E-1
1.600000E1	-7.612980E-2	4.205994E-1
1.610000E1	-7.446361E-2	4.203496E-1
1.620000E1	-7.602741E-2	4.208139E-1
1.630000E1	-7.575630E-2	4.205227E-1
1.640000E1	-7.604057E-2	4.220057E-1
1.650000E1	-7.480457E-2	4.214326E-1
1.660000E1	-7.719005E-2	4.228566E-1
1.670000E1	-7.521384E-2	4.214440E-1
1.680000E1	-7.612062E-2	4.202331E-1
1.690000E1	-7.480177E-2	4.202863E-1
1.700000E1	-7.524227E-2	4.202200E-1
1.710000E1	-7.511151E-2	4.202398E-1
1.720000E1	-7.305620E-2	4.202563E-1
1.730000E1	-7.434829E-2	4.200255E-1
1.740000E1	-7.510423E-2	4.201183E-1
1.750000E1	-7.490080E-2	4.203569E-1
1.760000E1	-7.666079E-2	4.217184E-1
1.770000E1	-7.565076E-2	4.207836E-1
1.780000E1	-7.566521E-2	4.209005E-1
1.790000E1	-7.606563E-2	4.205321E-1
1.800000E1	-7.697892E-2	4.220110E-1
1.810000E1	-7.622517E-2	4.205207E-1
1.820000E1	-7.742412E-2	4.214373E-1
1.830000E1	-7.771793E-2	4.217377E-1
1.840000E1	-7.731841E-2	4.217253E-1
1.850000E1	-7.893682E-2	4.216418E-1
1.860000E1	-7.928952E-2	4.216105E-1
1.870000E1	-7.880566E-2	4.241387E-1
1.940000E1	-8.462680E-2	4.285938E-1
1.950000E1	-8.568546E-2	4.291069E-1
1.960000E1	-8.537051E-2	4.283655E-1
1.970000E1	-8.424576E-2	4.281799E-1
1.980000E1	-8.277777E-2	4.304453E-1
1.990000E1	-8.274813E-2	4.307233E-1
2.000000E1	-8.240956E-2	4.306136E-1
2.010000E1	-8.048621E-2	4.315992E-1
2.020000E1	-7.977164E-2	4.325558E-1
2.030000E1	-8.055417E-2	4.365051E-1
2.040000E1	-8.252220E-2	4.360130E-1
2.050000E1	-8.345166E-2	4.349593E-1
2.060000E1	-8.290159E-2	4.346498E-1
2.070000E1	-8.420549E-2	4.334337E-1
2.080000E1	-8.495940E-2	4.353167E-1
2.090000E1	-8.505045E-2	4.368016E-1
2.100000E1	-8.431311E-2	4.398898E-1
2.110000E1	-8.515280E-2	4.385460E-1
2.120000E1	-8.495675E-2	4.388394E-1
2.130000E1	-8.510717E-2	4.397657E-1
2.140000E1	-8.376913E-2	4.432282E-1
2.150000E1	-8.157935E-2	4.451816E-1
2.160000E1	-8.193965E-2	4.472509E-1
2.170000E1	-7.869418E-2	4.484397E-1
2.180000E1	-7.901934E-2	4.489950E-1
2.190000E1	-8.165329E-2	4.489564E-1
2.200000E1	-8.083565E-2	4.486063E-1
2.210000E1	-7.922171E-2	4.466662E-1
2.220000E1	-7.806938E-2	4.464155E-1
2.230000E1	-7.685016E-2	4.445065E-1
2.240000E1	-7.706225E-2	4.447435E-1
2.250000E1	-7.675045E-2	4.468066E-1
2.260000E1	-7.669660E-2	4.469732E-1
2.270000E1	-7.774245E-2	4.483259E-1
2.280000E1	-7.855181E-2	4.488955E-1
2.290000E1	-7.897352E-2	4.509633E-1
2.300000E1	-7.906664E-2	4.515592E-1
2.310000E1	-7.859339E-2	4.527571E-1
2.320000E1	-7.839222E-2	4.536837E-1
2.330000E1	-7.902965E-2	4.541598E-1
2.340000E1	-7.830937E-2	4.516912E-1
2.350000E1	-7.881399E-2	4.481551E-1
2.360000E1	-7.920508E-2	4.478423E-1
2.370000E1	-7.787103E-2	4.485365E-1
2.380000E1	-7.732448E-2	4.474258E-1
2.390000E1	-7.766273E-2	4.513407E-1
2.400000E1	-7.833159E-2	4.516698E-1
2.410000E1	-7.873871E-2	4.513346E-1
2.420000E1	-7.950584E-2	4.516058E-1
2.430000E1	-7.940837E-2	4.535563E-1
2.440000E1	-8.043554E-2	4.570818E-1
2.450000E1	-7.983563E-2	4.603716E-1
2.460000E1	-7.962175E-2	4.601281E-1
2.470000E1	-7.946371E-2	4.604769E-1
2.480000E1	-8.000316E-2	4.594457E-1
2.490000E1	-7.962456E-2	4.596876E-1
2.500000E1	-8.148546E-2	4.595821E-1
2.510000E1	-8.129925E-2	4.598144E-1
2.520000E1	-8.239812E-2	4.616243E-1
2.530000E1	-8.175124E-2	4.600436E-1
2.540000E1	-8.400595E-2	4.621513E-1
2.550000E1	-8.404352E-2	4.645695E-1
2.560000E1	-8.639150E-2	4.650521E-1
2.570000E1	-8.815120E-2	4.633485E-1
2.580000E1	-8.763033E-2	4.627767E-1
2.590000E1	-8.750745E-2	4.624382E-1
2.600000E1	-8.585030E-2	4.639323E-1
2.610000E1	-8.329774E-2	4.652093E-1
2.620000E1	-8.308199E-2	4.646855E-1
2.630000E1	-8.262522E-2	4.648222E-1
2.640000E1	-8.179790E-2	4.654684E-1
2.650000E1	-8.456979E-2	4.661836E-1
2.660000E1	-8.408358E-2	4.697362E-1
2.670000E1	-8.363638E-2	4.700973E-1
2.680000E1	-8.556085E-2	4.712179E-1
2.690000E1	-8.558703E-2	4.717439E-1
2.700000E1	-8.515234E-2	4.695455E-1
2.710000E1	-8.558472E-2	4.697876E-1
2.720000E1	-8.545901E-2	4.708283E-1
2.730000E1	-8.612166E-2	4.726805E-1
2.750000E1	-8.891091E-2	4.728896E-1
2.760000E1	-8.902132E-2	4.724595E-1
2.770000E1	-8.985635E-2	4.717150E-1
2.780000E1	-9.079587E-2	4.733838E-1
2.790000E1	-8.999472E-2	4.729737E-1
2.800000E1	-8.759172E-2	4.736813E-1
2.810000E1	-8.934488E-2	4.731810E-1
2.820000E1	-9.102540E-2	4.734307E-1
2.830000E1	-9.483127E-2	4.746528E-1
2.840000E1	-9.737157E-2	4.762191E-1
2.850000E1	-9.689366E-2	4.759288E-1
2.860000E1	-9.661090E-2	4.762098E-1
2.870000E1	-9.521120E-2	4.775468E-1
2.880000E1	-9.512550E-2	4.780768E-1
2.890000E1	-9.660922E-2	4.789000E-1
2.900000E1	-9.676485E-2	4.791373E-1
2.910000E1	-9.642212E-2	4.807055E-1
2.920000E1	-9.727315E-2	4.826762E-1
2.930000E1	-9.725602E-2	4.818247E-1
2.940000E1	-9.770593E-2	4.841573E-1
2.950000E1	-9.747049E-2	4.849804E-1
2.960000E1	-9.791591E-2	4.872811E-1
2.970000E1	-9.961641E-2	4.871257E-1
2.980000E1	-9.999888E-2	4.858623E-1
2.990000E1	-9.803097E-2	4.861471E-1
3.000000E1	-9.857504E-2	4.862601E-1
3.010000E1	-9.986036E-2	4.859343E-1
3.020000E1	-9.911846E-2	4.858163E-1
3.030000E1	-1.001850E-1	4.885879E-1
3.040000E1	-9.787648E-2	4.890902E-1
3.050000E1	-9.725114E-2	4.890015E-1
3.060000E1	-9.527950E-2	4.888269E-1
3.070000E1	-9.605699E-2	4.885323E-1
3.080000E1	-9.709992E-2	4.893794E-1
3.090000E1	-9.768540E-2	4.885719E-1
3.100000E1	-9.776354E-2	4.884881E-1
3.110000E1	-9.743444E-2	4.879649E-1
3.120000E1	-9.714466E-2	4.890966E-1
3.130000E1	-9.738660E-2	4.886707E-1
3.140000E1	-1.000925E-1	4.893551E-1
3.150000E1	-1.009483E-1	4.909750E-1
3.160000E1	-1.014218E-1	4.915618E-1
3.170000E1	-1.027024E-1	4.924990E-1
3.180000E1	-1.024493E-1	4.928417E-1
3.190000E1	-9.978487E-2	4.924483E-1
3.200000E1	-9.947262E-2	4.933768E-1
3.210000E1	-9.831098E-2	4.932835E-1
3.220000E1	-1.002551E-1	4.924097E-1
3.230000E1	-1.022661E-1	4.937230E-1
3.240000E1	-1.012717E-1	4.948295E-1
3.250000E1	-1.026006E-1	4.960670E-1
3.260000E1	-1.018156E-1	4.985934E-1
3.270000E1	-1.020189E-1	4.993295E-1
3.280000E1	-1.028145E-1	4.992780E-1
3.290000E1	-1.029624E-1	5.021804E-1
3.300000E1	-1.028534E-1	5.051615E-1
3.310000E1	-1.044688E-1	5.072343E-1
3.320000E1	-1.052758E-1	5.070840E-1
3.330000E1	-1.064572E-1	5.074063E-1
3.340000E1	-1.065506E-1	5.074482E-1
3.350000E1	-1.064685E-1	5.080646E-1
3.360000E1	-1.077856E-1	5.074891E-1
3.370000E1	-1.082857E-1	5.066282E-1
3.380000E1	-1.102978E-1	5.072992E-1
3.390000E1	-1.111393E-1	5.087175E-1
3.400000E1	-1.100245E-1	5.076670E-1
3.410000E1	-1.096404E-1	5.061336E-1
3.420000E1	-1.100743E-1	5.071593E-1
3.430000E1	-1.093522E-1	5.063144E-1
3.440000E1	-1.092581E-1	5.039869E-1
3.450000E1	-1.080600E-1	5.011053E-1
3.460000E1	-1.078570E-1	4.987965E-1
3.470000E1	-1.091721E-1	4.958463E-1
3.480000E1	-1.084087E-1	4.970973E-1
3.490000E1	-1.083494E-1	4.981061E-1
3.500000E1	-1.078446E-1	4.997993E-1
3.510000E1	-1.088184E-1	5.001767E-1
3.520000E1	-1.084745E-1	4.976507E-1
3.530000E1	-1.109448E-1	4.973539E-1
3.540000E1	-1.098000E-1	4.977350E-1
3.550000E1	-1.103162E-1	4.957809E-1
3.560000E1	-1.103427E-1	4.946522E-1
3.570000E1	-1.104728E-1	4.945878E-1
3.580000E1	-1.106637E-1	4.937359E-1
3.590000E1	-1.118658E-1	4.916899E-1
3.600000E1	-1.112921E-1	4.911603E-1
3.610000E1	-1.106537E-1	4.900368E-1
3.620000E1	-1.101698E-1	4.901306E-1
3.630000E1	-1.103589E-1	4.912481E-1
3.640000E1	-1.103694E-1	4.904084E-1
3.650000E1	-1.097409E-1	4.897694E-1
3.660000E1	-1.090228E-1	4.890691E-1
3.670000E1	-1.088916E-1	4.886985E-1
3.680000E1	-1.091372E-1	4.889389E-1
3.690000E1	-1.100974E-1	4.884262E-1
3.700000E1	-1.098308E-1	4.869938E-1
3.710000E1	-1.095522E-1	4.857124E-1
3.720000E1	-1.119706E-1	4.853566E-1
3.730000E1	-1.104377E-1	4.848541E-1
3.740000E1	-1.098258E-1	4.824158E-1
3.750000E1	-1.100676E-1	4.815069E-1
3.760000E1	-1.088419E-1	4.815873E-1
3.770000E1	-1.098936E-1	4.808253E-1
3.780000E1	-1.082330E-1	4.797450E-1
3.790000E1	-1.078642E-1	4.807462E-1
3.800000E1	-1.073697E-1	4.798145E-1
3.810000E1	-1.073991E-1	4.775777E-1
3.820000E1	-1.091168E-1	4.778289E-1
3.830000E1	-1.071365E-1	4.776648E-1
3.840000E1	-1.085072E-1	4.797418E-1
3.850000E1	-1.077506E-1	4.819632E-1
3.860000E1	-1.072309E-1	4.832679E-1
3.870000E1	-1.064066E-1	4.831800E-1
3.880000E1	-1.060169E-1	4.818468E-1
3.890000E1	-1.077438E-1	4.812264E-1
3.900000E1	-1.067381E-1	4.816704E-1
3.910000E1	-1.080615E-1	4.813040E-1
3.920000E1	-1.084917E-1	4.790724E-1
3.930000E1	-1.072848E-1	4.772179E-1
3.940000E1	-1.070722E-1	4.767310E-1
3.950000E1	-1.061489E-1	4.781611E-1
3.960000E1	-1.047987E-1	4.791445E-1
3.970000E1	-1.049954E-1	4.801264E-1
3.980000E1	-1.052057E-1	4.791975E-1
3.990000E1	-1.054684E-1	4.777336E-1
4.000000E1	-1.044604E-1	4.773486E-1
4.010000E1	-1.045341E-1	4.770426E-1
4.020000E1	-1.038585E-1	4.760683E-1
4.030000E1	-1.045851E-1	4.752890E-1
4.040000E1	-1.036052E-1	4.740614E-1
4.050000E1	-1.018295E-1	4.742812E-1
4.060000E1	-1.013474E-1	4.746484E-1
4.070000E1	-1.035617E-1	4.732084E-1
4.080000E1	-1.030703E-1	4.736155E-1
4.090000E1	-1.008632E-1	4.738260E-1
4.100000E1	-1.025735E-1	4.767835E-1
4.110000E1	-1.040806E-1	4.742464E-1
4.120000E1	-1.042504E-1	4.763072E-1
4.130000E1	-1.047393E-1	4.761072E-1
4.140000E1	-1.068662E-1	4.768148E-1
4.150000E1	-1.060811E-1	4.774344E-1
4.160000E1	-1.070227E-1	4.769255E-1
4.170000E1	-1.050156E-1	4.764308E-1
4.180000E1	-1.048647E-1	4.760668E-1
4.190000E1	-1.056974E-1	4.768954E-1
4.200000E1	-1.053587E-1	4.757234E-1
4.210000E1	-1.050833E-1	4.743576E-1
4.220000E1	-1.036257E-1	4.747114E-1
4.230000E1	-1.043262E-1	4.756698E-1
4.240000E1	-1.044159E-1	4.744017E-1
4.250000E1	-1.054280E-1	4.738460E-1
4.260000E1	-1.049749E-1	4.740454E-1
4.270000E1	-1.026995E-1	4.725535E-1
4.280000E1	-1.031784E-1	4.724698E-1
4.290000E1	-1.032831E-1	4.717501E-1
4.300000E1	-1.040841E-1	4.702424E-1
4.310000E1	-1.035351E-1	4.690882E-1
4.320000E1	-1.034951E-1	4.705397E-1
4.330000E1	-1.037186E-1	4.702778E-1
4.340000E1	-1.037638E-1	4.704609E-1
4.350000E1	-1.031836E-1	4.714686E-1
4.360000E1	-1.024416E-1	4.683741E-1
4.370000E1	-1.045024E-1	4.685734E-1
4.380000E1	-1.044732E-1	4.684599E-1
4.390000E1	-1.036794E-1	4.681181E-1
4.400000E1	-1.055649E-1	4.665595E-1
4.410000E1	-1.044593E-1	4.669986E-1
4.420000E1	-1.040225E-1	4.652725E-1
4.430000E1	-1.033210E-1	4.637259E-1
4.440000E1	-1.030860E-1	4.637902E-1
4.450000E1	-1.006806E-1	4.630522E-1
4.460000E1	-1.006233E-1	4.642206E-1
4.470000E1	-1.015577E-1	4.635070E-1
4.480000E1	-1.005729E-1	4.639708E-1
4.490000E1	-1.003018E-1	4.623502E-1
4.500000E1	-9.789792E-2	4.594304E-1
4.510000E1	-9.912365E-2	4.630498E-1
4.520000E1	-1.015829E-1	4.632289E-1
4.530000E1	-1.016467E-1	4.619949E-1
4.540000E1	-1.019153E-1	4.600168E-1
4.550000E1	-1.020742E-1	4.608292E-1
4.560000E1	-9.972024E-2	4.616842E-1
4.570000E1	-9.946301E-2	4.618826E-1
4.580000E1	-1.008775E-1	4.629869E-1
4.590000E1	-1.014283E-1	4.624457E-1
4.600000E1	-1.018593E-1	4.608626E-1
4.610000E1	-1.013503E-1	4.596459E-1
4.620000E1	-1.020938E-1	4.599805E-1
4.630000E1	-1.034247E-1	4.594622E-1
4.640000E1	-1.041022E-1	4.579888E-1
4.650000E1	-1.043920E-1	4.574458E-1
4.660000E1	-1.049728E-1	4.586757E-1
4.670000E1	-1.036447E-1	4.573024E-1
4.680000E1	-1.044459E-1	4.598596E-1
4.690000E1	-1.038877E-1	4.601112E-1
4.700000E1	-1.039382E-1	4.610397E-1
4.710000E1	-1.049542E-1	4.643623E-1
4.720000E1	-1.073496E-1	4.626386E-1
4.730000E1	-1.079188E-1	4.618191E-1
4.740000E1	-1.051191E-1	4.636380E-1
4.750000E1	-1.033771E-1	4.641894E-1
4.760000E1	-1.042209E-1	4.652642E-1
4.770000E1	-1.048487E-1	4.662527E-1
4.780000E1	-1.041340E-1	4.654036E-1
4.790000E1	-1.050524E-1	4.674275E-1
4.800000E1	-1.037068E-1	4.664189E-1
4.810000E1	-1.038128E-1	4.638299E-1
4.820000E1	-1.035341E-1	4.614873E-1
4.830000E1	-1.034735E-1	4.593663E-1
4.840000E1	-1.019949E-1	4.619402E-1
4.850000E1	-1.030672E-1	4.599010E-1
4.860000E1	-1.019285E-1	4.577023E-1
4.870000E1	-1.005941E-1	4.559139E-1
4.880000E1	-1.021842E-1	4.553901E-1
4.890000E1	-1.011862E-1	4.560427E-1
4.900000E1	-1.012034E-1	4.566539E-1
4.910000E1	-1.001516E-1	4.585445E-1
4.920000E1	-9.933249E-2	4.587116E-1
4.930000E1	-9.944672E-2	4.589024E-1
4.940000E1	-9.931767E-2	4.589234E-1
4.950000E1	-1.015357E-1	4.584809E-1
4.960000E1	-1.016714E-1	4.584509E-1
4.970000E1	-1.003277E-1	4.580584E-1
4.980000E1	-1.014073E-1	4.578758E-1
4.990000E1	-1.030012E-1	4.561117E-1
5.000000E1	-1.023582E-1	4.562538E-1
5.010000E1	-1.025964E-1	4.580640E-1
5.020000E1	-1.039975E-1	4.594677E-1
5.030000E1	-1.038789E-1	4.594655E-1
5.040000E1	-1.040403E-1	4.579432E-1
5.050000E1	-1.036043E-1	4.576857E-1
5.060000E1	-1.016629E-1	4.584052E-1
5.070000E1	-1.016047E-1	4.588004E-1
5.080000E1	-1.003109E-1	4.593608E-1
5.090000E1	-9.940583E-2	4.602799E-1
5.100000E1	-9.987899E-2	4.580946E-1
5.110000E1	-1.002463E-1	4.571533E-1
5.120000E1	-1.015322E-1	4.556246E-1
5.130000E1	-9.995373E-2	4.525792E-1
5.140000E1	-1.011432E-1	4.537661E-1
5.150000E1	-1.022472E-1	4.533660E-1
5.160000E1	-1.006184E-1	4.515509E-1
5.170000E1	-1.000958E-1	4.521318E-1
5.180000E1	-9.867769E-2	4.514618E-1
5.190000E1	-9.970475E-2	4.502513E-1
5.200000E1	-9.973541E-2	4.481661E-1
5.210000E1	-1.023828E-1	4.459558E-1
5.220000E1	-1.016326E-1	4.468835E-1
5.230000E1	-1.004126E-1	4.464353E-1
5.240000E1	-9.960143E-2	4.472036E-1
5.250000E1	-1.013667E-1	4.480564E-1
5.260000E1	-9.986455E-2	4.468906E-1
5.270000E1	-1.017061E-1	4.466224E-1
5.280000E1	-1.010215E-1	4.471861E-1
5.290000E1	-1.016687E-1	4.485060E-1
5.300000E1	-1.034170E-1	4.469720E-1
5.310000E1	-1.061360E-1	4.462080E-1
5.320000E1	-1.069275E-1	4.480376E-1
5.330000E1	-1.075620E-1	4.486421E-1
5.340000E1	-1.079992E-1	4.508130E-1
5.350000E1	-1.071318E-1	4.510501E-1
5.360000E1	-1.085043E-1	4.510580E-1
5.370000E1	-1.079776E-1	4.510411E-1
5.380000E1	-1.090663E-1	4.506005E-1
5.390000E1	-1.116830E-1	4.503870E-1
5.400000E1	-1.101989E-1	4.487280E-1
5.410000E1	-1.103480E-1	4.512813E-1
5.420000E1	-1.098183E-1	4.492676E-1
5.430000E1	-1.101533E-1	4.485952E-1
5.440000E1	-1.107300E-1	4.477801E-1
5.450000E1	-1.118758E-1	4.477276E-1
5.460000E1	-1.107009E-1	4.482054E-1
5.470000E1	-1.119747E-1	4.484129E-1
5.480000E1	-1.111290E-1	4.444411E-1
5.490000E1	-1.106138E-1	4.467386E-1
5.500000E1	-1.098887E-1	4.452492E-1
5.510000E1	-1.101505E-1	4.457046E-1
5.520000E1	-1.108387E-1	4.467518E-1
5.530000E1	-1.109950E-1	4.466235E-1
5.540000E1	-1.113847E-1	4.464332E-1
5.550000E1	-1.113002E-1	4.468107E-1
5.560000E1	-1.116575E-1	4.477171E-1
5.570000E1	-1.117647E-1	4.478032E-1
5.580000E1	-1.120643E-1	4.474355E-1
5.590000E1	-1.118688E-1	4.461478E-1
5.600000E1	-1.091708E-1	4.454565E-1
5.610000E1	-1.081016E-1	4.432019E-1
5.620000E1	-1.071328E-1	4.410238E-1
5.630000E1	-1.074748E-1	4.422969E-1
5.640000E1	-1.053341E-1	4.418110E-1
5.650000E1	-1.076928E-1	4.398992E-1
5.660000E1	-1.048986E-1	4.401021E-1
5.670000E1	-1.049631E-1	4.392730E-1
5.680000E1	-1.052625E-1	4.384406E-1
5.690000E1	-1.056443E-1	4.381075E-1
5.700000E1	-1.064546E-1	4.377016E-1
5.710000E1	-1.063692E-1	4.358085E-1
5.720000E1	-1.046480E-1	4.346407E-1
5.730000E1	-1.042306E-1	4.338970E-1
5.740000E1	-1.078200E-1	4.333256E-1
5.750000E1	-1.074745E-1	4.345592E-1
5.760000E1	-1.069039E-1	4.315199E-1
5.770000E1	-1.078113E-1	4.310456E-1
5.780000E1	-1.089312E-1	4.319100E-1
5.790000E1	-1.090673E-1	4.316135E-1
5.800000E1	-1.086783E-1	4.303677E-1
5.810000E1	-1.086177E-1	4.312532E-1
5.820000E1	-1.097921E-1	4.302780E-1
5.830000E1	-1.106317E-1	4.281786E-1
5.840000E1	-1.056860E-1	4.192342E-1
5.860000E1	-1.060595E-1	4.177912E-1
5.880000E1	-1.061673E-1	4.185158E-1
5.890000E1	-1.056374E-1	4.174144E-1
5.900000E1	-1.059203E-1	4.172702E-1
5.910000E1	-1.057376E-1	4.170546E-1
5.920000E1	-1.061609E-1	4.172119E-1
5.930000E1	-1.090485E-1	4.166803E-1
5.940000E1	-1.098263E-1	4.184281E-1
5.950000E1	-1.079936E-1	4.174219E-1
5.960000E1	-1.091330E-1	4.172289E-1
5.970000E1	-1.079709E-1	4.173208E-1
5.980000E1	-1.083287E-1	4.169756E-1
5.990000E1	-1.081897E-1	4.168316E-1
6.000000E1	-1.076985E-1	4.167816E-1
6.010000E1	-1.053951E-1	4.167848E-1
6.020000E1	-1.068056E-1	4.166086E-1
6.030000E1	-1.057526E-1	4.166533E-1
6.040000E1	-1.072919E-1	4.168503E-1
6.060000E1	-1.083226E-1	4.160086E-1
6.070000E1	-1.071869E-1	4.164213E-1
6.080000E1	-1.074536E-1	4.166370E-1
6.090000E1	-1.061701E-1	4.170789E-1
6.100000E1	-1.049476E-1	4.172392E-1
6.110000E1	-1.051928E-1	4.173367E-1
6.120000E1	-1.049645E-1	4.169872E-1
6.130000E1	-1.040288E-1	4.168272E-1
6.140000E1	-1.034076E-1	4.171919E-1
6.150000E1	-1.017917E-1	4.169985E-1
6.160000E1	-9.979504E-2	4.183191E-1
6.170000E1	-1.023472E-1	4.174763E-1
6.180000E1	-1.025075E-1	4.191037E-1
6.190000E1	-1.048783E-1	4.178466E-1
6.200000E1	-1.055019E-1	4.201291E-1
6.210000E1	-1.045898E-1	4.174716E-1
6.220000E1	-1.045616E-1	4.190021E-1
6.240000E1	-1.045718E-1	4.178057E-1
6.260000E1	-1.080259E-1	4.270339E-1
6.270000E1	-1.086758E-1	4.274810E-1
6.280000E1	-1.084508E-1	4.272537E-1
6.290000E1	-1.089719E-1	4.271943E-1
6.300000E1	-1.091215E-1	4.268012E-1
6.310000E1	-1.095650E-1	4.267563E-1
6.320000E1	-1.090513E-1	4.271633E-1
6.330000E1	-1.089874E-1	4.299047E-1
6.350000E1	-1.128546E-1	4.309059E-1
6.360000E1	-1.121632E-1	4.312782E-1
6.370000E1	-1.103103E-1	4.306680E-1
6.380000E1	-1.100113E-1	4.332164E-1
6.390000E1	-1.116911E-1	4.324749E-1
6.400000E1	-1.133800E-1	4.361295E-1
6.410000E1	-1.142411E-1	4.365898E-1
6.420000E1	-1.148688E-1	4.385902E-1
6.430000E1	-1.151370E-1	4.382006E-1
6.440000E1	-1.151437E-1	4.376615E-1
6.450000E1	-1.154413E-1	4.363470E-1
6.460000E1	-1.156520E-1	4.374399E-1
6.470000E1	-1.152874E-1	4.384694E-1
6.480000E1	-1.162396E-1	4.398509E-1
6.490000E1	-1.165091E-1	4.388342E-1
6.500000E1	-1.151488E-1	4.402207E-1
6.510000E1	-1.149480E-1	4.407209E-1
6.520000E1	-1.153963E-1	4.432993E-1
6.530000E1	-1.189201E-1	4.426068E-1
6.540000E1	-1.185357E-1	4.443037E-1
6.550000E1	-1.199631E-1	4.439443E-1
6.560000E1	-1.215736E-1	4.418351E-1
6.570000E1	-1.218844E-1	4.414838E-1
6.580000E1	-1.229707E-1	4.416993E-1
6.590000E1	-1.220517E-1	4.419696E-1
6.600000E1	-1.227934E-1	4.424593E-1
6.610000E1	-1.238877E-1	4.434776E-1
6.620000E1	-1.236089E-1	4.441864E-1
6.630000E1	-1.243870E-1	4.416484E-1
6.640000E1	-1.248628E-1	4.429983E-1
6.650000E1	-1.260414E-1	4.438856E-1
6.660000E1	-1.238686E-1	4.440220E-1
6.670000E1	-1.233970E-1	4.434888E-1
6.680000E1	-1.230473E-1	4.411540E-1
6.690000E1	-1.248780E-1	4.404051E-1
6.700000E1	-1.266456E-1	4.376740E-1
6.710000E1	-1.255529E-1	4.399972E-1
6.720000E1	-1.268175E-1	4.405344E-1
6.730000E1	-1.270450E-1	4.410723E-1
6.740000E1	-1.272109E-1	4.404464E-1
6.750000E1	-1.279931E-1	4.401179E-1
6.760000E1	-1.283604E-1	4.401886E-1
6.770000E1	-1.279932E-1	4.423553E-1
6.780000E1	-1.284015E-1	4.426931E-1
6.790000E1	-1.292303E-1	4.428271E-1
6.800000E1	-1.283810E-1	4.420103E-1
6.810000E1	-1.278984E-1	4.401281E-1
6.820000E1	-1.284520E-1	4.397906E-1
6.830000E1	-1.299190E-1	4.407177E-1
6.840000E1	-1.303870E-1	4.401853E-1
6.850000E1	-1.292815E-1	4.394269E-1
6.860000E1	-1.293436E-1	4.409797E-1
6.870000E1	-1.286267E-1	4.401305E-1
6.880000E1	-1.291974E-1	4.401031E-1
6.890000E1	-1.315670E-1	4.386241E-1
6.900000E1	-1.322620E-1	4.395650E-1
6.910000E1	-1.305912E-1	4.398323E-1
6.920000E1	-1.308994E-1	4.403413E-1
6.930000E1	-1.325634E-1	4.394455E-1
6.940000E1	-1.329280E-1	4.387420E-1
6.950000E1	-1.328732E-1	4.385831E-1
6.960000E1	-1.328783E-1	4.390838E-1
6.970000E1	-1.336754E-1	4.376577E-1
6.980000E1	-1.325297E-1	4.372065E-1
6.990000E1	-1.303856E-1	4.374901E-1
7.000000E1	-1.301964E-1	4.373570E-1
7.010000E1	-1.312099E-1	4.374481E-1
7.020000E1	-1.316629E-1	4.381452E-1
7.030000E1	-1.293314E-1	4.386177E-1
7.040000E1	-1.304877E-1	4.391330E-1
7.050000E1	-1.299961E-1	4.385275E-1
7.060000E1	-1.291605E-1	4.382377E-1
7.070000E1	-1.291907E-1	4.363924E-1
7.080000E1	-1.301170E-1	4.376821E-1
7.090000E1	-1.296629E-1	4.360085E-1
7.100000E1	-1.306801E-1	4.370406E-1
7.110000E1	-1.296405E-1	4.399969E-1
7.120000E1	-1.295299E-1	4.390488E-1
7.130000E1	-1.296471E-1	4.406600E-1
7.140000E1	-1.298580E-1	4.417974E-1
7.150000E1	-1.297630E-1	4.435403E-1
7.160000E1	-1.303802E-1	4.445532E-1
7.170000E1	-1.301305E-1	4.455538E-1
7.180000E1	-1.307487E-1	4.490618E-1
7.190000E1	-1.299861E-1	4.526686E-1
7.200000E1	-1.309845E-1	4.547359E-1
7.210000E1	-1.301095E-1	4.566320E-1
7.220000E1	-1.308579E-1	4.570818E-1
7.230000E1	-1.339798E-1	4.563023E-1
7.240000E1	-1.354177E-1	4.570216E-1
7.250000E1	-1.357137E-1	4.583774E-1
7.260000E1	-1.349685E-1	4.600065E-1
7.270000E1	-1.351228E-1	4.617009E-1
7.280000E1	-1.329399E-1	4.648741E-1
7.290000E1	-1.338743E-1	4.661745E-1
7.300000E1	-1.351845E-1	4.639862E-1
7.310000E1	-1.353461E-1	4.642236E-1
7.320000E1	-1.334310E-1	4.626237E-1
7.330000E1	-1.322350E-1	4.624575E-1
7.340000E1	-1.330655E-1	4.626599E-1
7.350000E1	-1.329262E-1	4.622291E-1
7.360000E1	-1.328408E-1	4.643228E-1
7.370000E1	-1.327739E-1	4.645574E-1
7.380000E1	-1.320104E-1	4.649958E-1
7.390000E1	-1.327319E-1	4.679112E-1
7.400000E1	-1.302520E-1	4.695845E-1
7.410000E1	-1.302024E-1	4.697516E-1
7.420000E1	-1.331896E-1	4.682943E-1
7.430000E1	-1.319462E-1	4.708413E-1
7.440000E1	-1.329320E-1	4.699617E-1
7.450000E1	-1.340931E-1	4.709119E-1
7.460000E1	-1.322791E-1	4.727542E-1
7.470000E1	-1.312787E-1	4.745611E-1
7.480000E1	-1.321646E-1	4.744919E-1
7.490000E1	-1.326898E-1	4.734453E-1
7.500000E1	-1.305096E-1	4.739893E-1
7.510000E1	-1.297514E-1	4.730920E-1
7.520000E1	-1.322721E-1	4.742131E-1
7.530000E1	-1.317652E-1	4.736477E-1
7.540000E1	-1.302747E-1	4.740664E-1
7.550000E1	-1.298278E-1	4.754196E-1
7.560000E1	-1.302753E-1	4.775647E-1
7.570000E1	-1.300830E-1	4.760706E-1
7.580000E1	-1.312235E-1	4.760390E-1
7.590000E1	-1.323132E-1	4.771463E-1
7.600000E1	-1.299261E-1	4.763959E-1
7.610000E1	-1.330146E-1	4.770422E-1
7.620000E1	-1.348239E-1	4.749384E-1
7.630000E1	-1.370961E-1	4.737721E-1
7.640000E1	-1.391990E-1	4.730239E-1
7.650000E1	-1.386669E-1	4.736328E-1
7.660000E1	-1.387918E-1	4.750033E-1
7.670000E1	-1.383438E-1	4.760391E-1
7.680000E1	-1.397885E-1	4.758796E-1
7.690000E1	-1.400321E-1	4.754156E-1
7.700000E1	-1.391868E-1	4.755171E-1
7.710000E1	-1.394002E-1	4.748858E-1
7.720000E1	-1.400342E-1	4.746612E-1
7.730000E1	-1.405668E-1	4.763456E-1
7.740000E1	-1.414872E-1	4.791612E-1
7.750000E1	-1.414811E-1	4.785618E-1
7.760000E1	-1.427288E-1	4.779365E-1
7.770000E1	-1.428472E-1	4.764049E-1
7.780000E1	-1.416455E-1	4.792824E-1
7.790000E1	-1.416504E-1	4.776912E-1
7.800000E1	-1.431789E-1	4.781683E-1
7.810000E1	-1.424600E-1	4.776021E-1
7.820000E1	-1.406611E-1	4.777208E-1
7.830000E1	-1.412533E-1	4.767604E-1
7.840000E1	-1.413645E-1	4.759830E-1
7.850000E1	-1.412317E-1	4.750645E-1
7.860000E1	-1.412855E-1	4.770906E-1
7.870000E1	-1.397838E-1	4.755963E-1
7.880000E1	-1.407107E-1	4.764682E-1
7.890000E1	-1.406178E-1	4.776286E-1
7.900000E1	-1.390661E-1	4.779239E-1
7.910000E1	-1.395200E-1	4.781306E-1
7.920000E1	-1.406204E-1	4.790414E-1
7.940000E1	-1.447585E-1	4.820262E-1
7.950000E1	-1.449476E-1	4.815531E-1
7.960000E1	-1.450510E-1	4.814431E-1
7.970000E1	-1.450199E-1	4.828134E-1
7.980000E1	-1.452535E-1	4.826110E-1
7.990000E1	-1.461868E-1	4.817181E-1
8.000000E1	-1.474004E-1	4.814510E-1
8.010000E1	-1.471767E-1	4.813406E-1
8.020000E1	-1.468611E-1	4.813255E-1
8.030000E1	-1.458236E-1	4.802564E-1
8.040000E1	-1.464085E-1	4.797528E-1
8.050000E1	-1.485468E-1	4.785064E-1
8.060000E1	-1.494395E-1	4.807261E-1
8.070000E1	-1.506401E-1	4.810653E-1
8.080000E1	-1.524963E-1	4.823837E-1
8.090000E1	-1.533897E-1	4.825683E-1
8.100000E1	-1.525276E-1	4.837025E-1
8.110000E1	-1.533166E-1	4.822660E-1
8.120000E1	-1.546302E-1	4.839336E-1
8.130000E1	-1.542752E-1	4.829308E-1
8.140000E1	-1.548983E-1	4.837686E-1
8.150000E1	-1.553628E-1	4.840432E-1
8.160000E1	-1.555629E-1	4.855521E-1
8.170000E1	-1.573597E-1	4.865443E-1
8.180000E1	-1.580078E-1	4.861345E-1
8.190000E1	-1.569038E-1	4.872342E-1
8.200000E1	-1.582375E-1	4.867099E-1
8.210000E1	-1.602869E-1	4.887232E-1
8.220000E1	-1.616572E-1	4.894564E-1
8.230000E1	-1.618074E-1	4.888370E-1
8.240000E1	-1.619169E-1	4.901330E-1
8.250000E1	-1.607335E-1	4.896288E-1
8.260000E1	-1.615818E-1	4.906718E-1
8.270000E1	-1.622346E-1	4.904058E-1
8.280000E1	-1.626395E-1	4.909056E-1
8.290000E1	-1.639626E-1	4.900939E-1
8.300000E1	-1.646637E-1	4.915187E-1
8.310000E1	-1.638835E-1	4.900843E-1
8.320000E1	-1.659505E-1	4.921760E-1
8.330000E1	-1.647002E-1	4.915718E-1
8.340000E1	-1.644594E-1	4.917670E-1
8.350000E1	-1.657817E-1	4.917315E-1
8.360000E1	-1.663204E-1	4.905507E-1
8.370000E1	-1.663387E-1	4.915890E-1
8.380000E1	-1.662356E-1	4.920581E-1
8.390000E1	-1.658771E-1	4.918531E-1
8.400000E1	-1.673945E-1	4.911483E-1
8.410000E1	-1.672441E-1	4.900152E-1
8.420000E1	-1.678239E-1	4.882982E-1
8.430000E1	-1.677474E-1	4.901293E-1
8.440000E1	-1.670913E-1	4.902361E-1
8.450000E1	-1.676368E-1	4.918106E-1
8.460000E1	-1.671725E-1	4.930381E-1
8.470000E1	-1.647238E-1	4.938952E-1
8.480000E1	-1.642950E-1	4.949855E-1
8.490000E1	-1.634414E-1	4.950813E-1
8.500000E1	-1.620712E-1	4.945898E-1
8.510000E1	-1.616143E-1	4.953761E-1
8.520000E1	-1.611913E-1	4.944070E-1
8.530000E1	-1.639816E-1	4.939568E-1
8.540000E1	-1.641279E-1	4.932565E-1
8.550000E1	-1.648915E-1	4.940079E-1
8.560000E1	-1.658780E-1	4.934153E-1
8.570000E1	-1.663551E-1	4.938270E-1
8.580000E1	-1.676300E-1	4.946353E-1
8.590000E1	-1.669634E-1	4.939391E-1
8.600000E1	-1.695200E-1	4.953874E-1
8.610000E1	-1.687597E-1	4.954954E-1
8.620000E1	-1.691923E-1	4.975421E-1
8.630000E1	-1.691322E-1	4.982576E-1
8.640000E1	-1.674763E-1	4.988808E-1
8.650000E1	-1.674121E-1	5.007422E-1
8.660000E1	-1.678926E-1	4.986820E-1
8.670000E1	-1.658227E-1	4.971290E-1
8.680000E1	-1.644734E-1	4.965938E-1
8.690000E1	-1.615063E-1	4.974898E-1
8.700000E1	-1.613426E-1	4.963442E-1
8.710000E1	-1.610357E-1	4.960205E-1
8.720000E1	-1.607472E-1	4.946824E-1
8.730000E1	-1.614888E-1	4.948922E-1
8.740000E1	-1.621777E-1	4.948004E-1
8.750000E1	-1.623463E-1	4.969027E-1
8.760000E1	-1.623881E-1	4.956656E-1
8.770000E1	-1.640554E-1	4.959645E-1
8.780000E1	-1.642415E-1	4.960674E-1
8.790000E1	-1.638447E-1	4.962186E-1
8.800000E1	-1.663461E-1	4.984127E-1
8.810000E1	-1.684628E-1	4.984274E-1
8.820000E1	-1.690982E-1	5.009763E-1
8.830000E1	-1.690300E-1	5.010083E-1
8.840000E1	-1.686520E-1	5.015090E-1
8.850000E1	-1.689863E-1	5.017809E-1
8.860000E1	-1.692867E-1	5.020508E-1
8.870000E1	-1.705256E-1	5.016546E-1
8.880000E1	-1.693043E-1	5.017035E-1
8.890000E1	-1.705715E-1	5.026201E-1
8.900000E1	-1.707856E-1	5.027105E-1
8.910000E1	-1.717289E-1	5.038807E-1
8.920000E1	-1.713090E-1	5.040335E-1
8.930000E1	-1.712495E-1	5.067674E-1
8.940000E1	-1.728228E-1	5.070733E-1
8.950000E1	-1.736505E-1	5.064144E-1
8.960000E1	-1.743269E-1	5.058559E-1
8.970000E1	-1.748903E-1	5.056889E-1
8.980000E1	-1.739685E-1	5.054579E-1
8.990000E1	-1.750818E-1	5.066744E-1
9.000000E1	-1.760176E-1	5.071389E-1
9.010000E1	-1.752981E-1	5.087413E-1
9.020000E1	-1.746263E-1	5.098638E-1
9.030000E1	-1.741005E-1	5.095747E-1
9.040000E1	-1.721358E-1	5.092119E-1
9.050000E1	-1.716865E-1	5.087880E-1
9.060000E1	-1.716414E-1	5.111105E-1
9.070000E1	-1.723249E-1	5.111198E-1
9.080000E1	-1.736378E-1	5.110409E-1
9.090000E1	-1.749106E-1	5.108650E-1
9.100000E1	-1.756872E-1	5.107764E-1
9.110000E1	-1.745553E-1	5.105720E-1
9.120000E1	-1.727801E-1	5.100687E-1
9.130000E1	-1.731432E-1	5.087104E-1
9.140000E1	-1.745590E-1	5.084066E-1
9.150000E1	-1.756766E-1	5.077836E-1
9.160000E1	-1.760176E-1	5.111137E-1
9.170000E1	-1.758495E-1	5.110494E-1
9.180000E1	-1.743106E-1	5.116554E-1
9.190000E1	-1.770766E-1	5.130754E-1
9.200000E1	-1.786348E-1	5.130505E-1
9.210000E1	-1.780276E-1	5.107143E-1
9.220000E1	-1.775160E-1	5.094973E-1
9.230000E1	-1.763185E-1	5.104902E-1
9.240000E1	-1.746744E-1	5.084841E-1
9.250000E1	-1.760645E-1	5.080627E-1
9.260000E1	-1.719241E-1	5.081506E-1
9.270000E1	-1.730178E-1	5.090927E-1
9.280000E1	-1.733048E-1	5.082480E-1
9.290000E1	-1.747615E-1	5.085711E-1
9.300000E1	-1.772186E-1	5.071759E-1
9.310000E1	-1.779215E-1	5.075602E-1
9.320000E1	-1.771259E-1	5.100691E-1
9.330000E1	-1.765927E-1	5.088663E-1
9.340000E1	-1.760331E-1	5.072821E-1
9.350000E1	-1.752522E-1	5.073633E-1
9.360000E1	-1.761705E-1	5.073228E-1
9.370000E1	-1.772317E-1	5.075359E-1
9.380000E1	-1.772331E-1	5.069340E-1
9.390000E1	-1.767689E-1	5.087714E-1
9.400000E1	-1.754524E-1	5.078166E-1
9.410000E1	-1.764899E-1	5.077679E-1
9.420000E1	-1.772550E-1	5.072552E-1
9.430000E1	-1.778334E-1	5.078106E-1
9.440000E1	-1.792636E-1	5.090831E-1
9.450000E1	-1.784973E-1	5.092990E-1
9.460000E1	-1.785361E-1	5.112751E-1
9.470000E1	-1.766564E-1	5.101268E-1
9.480000E1	-1.773920E-1	5.102340E-1
9.490000E1	-1.762951E-1	5.111161E-1
9.500000E1	-1.774900E-1	5.111231E-1
9.510000E1	-1.791609E-1	5.114603E-1
9.520000E1	-1.792559E-1	5.119969E-1
9.530000E1	-1.769597E-1	5.116990E-1
9.540000E1	-1.757762E-1	5.118242E-1
9.550000E1	-1.743050E-1	5.127455E-1
9.560000E1	-1.756149E-1	5.120931E-1
9.570000E1	-1.767219E-1	5.118130E-1
9.580000E1	-1.790262E-1	5.115351E-1
9.590000E1	-1.797231E-1	5.108991E-1
9.600000E1	-1.794294E-1	5.115778E-1
9.610000E1	-1.805851E-1	5.100733E-1
9.620000E1	-1.795417E-1	5.103656E-1
9.630000E1	-1.788024E-1	5.102550E-1
9.640000E1	-1.782304E-1	5.116076E-1
9.650000E1	-1.793240E-1	5.125487E-1
9.660000E1	-1.780427E-1	5.123026E-1
9.670000E1	-1.785240E-1	5.122720E-1
9.680000E1	-1.781904E-1	5.120570E-1
9.690000E1	-1.774978E-1	5.152603E-1
9.700000E1	-1.765205E-1	5.145471E-1
9.710000E1	-1.782188E-1	5.124716E-1
9.720000E1	-1.780726E-1	5.142988E-1
9.730000E1	-1.790361E-1	5.140369E-1
9.740000E1	-1.774927E-1	5.135061E-1
9.750000E1	-1.767924E-1	5.122148E-1
9.760000E1	-1.752139E-1	5.126563E-1
9.770000E1	-1.737788E-1	5.114499E-1
9.780000E1	-1.731117E-1	5.122510E-1
9.790000E1	-1.728144E-1	5.124522E-1
9.800000E1	-1.735035E-1	5.130535E-1
9.810000E1	-1.724279E-1	5.152456E-1
9.820000E1	-1.733816E-1	5.157369E-1
9.830000E1	-1.758921E-1	5.184668E-1
9.840000E1	-1.761358E-1	5.199329E-1
9.850000E1	-1.739175E-1	5.207873E-1
9.860000E1	-1.754119E-1	5.223315E-1
9.870000E1	-1.764018E-1	5.222212E-1
9.880000E1	-1.767411E-1	5.208503E-1
9.890000E1	-1.758472E-1	5.210533E-1
9.900000E1	-1.744996E-1	5.203554E-1
9.910000E1	-1.753897E-1	5.224604E-1
9.920000E1	-1.768245E-1	5.237599E-1
9.930000E1	-1.785062E-1	5.239015E-1
9.940000E1	-1.788953E-1	5.209659E-1
9.950000E1	-1.778465E-1	5.242252E-1
9.960000E1	-1.796661E-1	5.260892E-1
9.970000E1	-1.790225E-1	5.235893E-1
9.980000E1	-1.779788E-1	5.227609E-1
9.990000E1	-1.763067E-1	5.227920E-1
1.000000E2	-1.785778E-1	5.210205E-1
1.001000E2	-1.785016E-1	5.238787E-1
1.002000E2	-1.800612E-1	5.235235E-1
1.003000E2	-1.805862E-1	5.243732E-1
1.004000E2	-1.824144E-1	5.260443E-1
1.005000E2	-1.828629E-1	5.281720E-1
1.006000E2	-1.845152E-1	5.283072E-1
1.007000E2	-1.844562E-1	5.284182E-1
1.008000E2	-1.847850E-1	5.281364E-1
1.009000E2	-1.836227E-1	5.281280E-1
1.010000E2	-1.844522E-1	5.274492E-1
1.011000E2	-1.861477E-1	5.256157E-1
1.012000E2	-1.876428E-1	5.248958E-1
1.013000E2	-1.877251E-1	5.258696E-1
1.014000E2	-1.875984E-1	5.288149E-1
1.015000E2	-1.866678E-1	5.287121E-1
1.016000E2	-1.883122E-1	5.304357E-1
1.017000E2	-1.872238E-1	5.305247E-1
1.018000E2	-1.869171E-1	5.318611E-1
1.019000E2	-1.871242E-1	5.326020E-1
1.020000E2	-1.880417E-1	5.326000E-1
1.021000E2	-1.882657E-1	5.318250E-1
1.022000E2	-1.866739E-1	5.329662E-1
1.023000E2	-1.863168E-1	5.337279E-1
1.024000E2	-1.872160E-1	5.349364E-1
1.025000E2	-1.899362E-1	5.364594E-1
1.026000E2	-1.906864E-1	5.368230E-1
1.027000E2	-1.895311E-1	5.358900E-1
1.028000E2	-1.882094E-1	5.350699E-1
1.029000E2	-1.894748E-1	5.321045E-1
1.030000E2	-1.895002E-1	5.322849E-1
1.031000E2	-1.897063E-1	5.363159E-1
1.032000E2	-1.892569E-1	5.357483E-1
1.033000E2	-1.904927E-1	5.373962E-1
1.034000E2	-1.903586E-1	5.383382E-1
1.035000E2	-1.905459E-1	5.392043E-1
1.036000E2	-1.909613E-1	5.401467E-1
1.037000E2	-1.905993E-1	5.408735E-1
1.038000E2	-1.906794E-1	5.415528E-1
1.039000E2	-1.916418E-1	5.421333E-1
1.040000E2	-1.908102E-1	5.410168E-1
1.041000E2	-1.906981E-1	5.429809E-1
1.042000E2	-1.891446E-1	5.422254E-1
1.043000E2	-1.871895E-1	5.404242E-1
1.044000E2	-1.871586E-1	5.411736E-1
1.045000E2	-1.887485E-1	5.411081E-1
1.046000E2	-1.856434E-1	5.404821E-1
1.047000E2	-1.834427E-1	5.373582E-1
1.048000E2	-1.825746E-1	5.374537E-1
1.049000E2	-1.822266E-1	5.374174E-1
1.050000E2	-1.844642E-1	5.382992E-1
1.051000E2	-1.850850E-1	5.379227E-1
1.052000E2	-1.850410E-1	5.372678E-1
1.053000E2	-1.847009E-1	5.359632E-1
1.054000E2	-1.843577E-1	5.352314E-1
1.055000E2	-1.853544E-1	5.352497E-1
1.056000E2	-1.857115E-1	5.354872E-1
1.057000E2	-1.854765E-1	5.337402E-1
1.058000E2	-1.859229E-1	5.306075E-1
1.059000E2	-1.861470E-1	5.311756E-1
1.060000E2	-1.899315E-1	5.294619E-1
1.061000E2	-1.922543E-1	5.290331E-1
1.062000E2	-1.925817E-1	5.271760E-1
1.063000E2	-1.924656E-1	5.244535E-1
1.064000E2	-1.925203E-1	5.229091E-1
1.065000E2	-1.927763E-1	5.236021E-1
1.066000E2	-1.916983E-1	5.235894E-1
1.067000E2	-1.906146E-1	5.209465E-1
1.068000E2	-1.913256E-1	5.204344E-1
1.069000E2	-1.917208E-1	5.197624E-1
1.070000E2	-1.913652E-1	5.197759E-1
1.071000E2	-1.907454E-1	5.193467E-1
1.072000E2	-1.886206E-1	5.177804E-1
1.073000E2	-1.903755E-1	5.161106E-1
1.074000E2	-1.899596E-1	5.164062E-1
1.075000E2	-1.895910E-1	5.148686E-1
1.076000E2	-1.895377E-1	5.129015E-1
1.077000E2	-1.900301E-1	5.144318E-1
1.078000E2	-1.903423E-1	5.128085E-1
1.079000E2	-1.905125E-1	5.126967E-1
1.080000E2	-1.902691E-1	5.143276E-1
1.081000E2	-1.908215E-1	5.120596E-1
1.082000E2	-1.900403E-1	5.114539E-1
1.083000E2	-1.897032E-1	5.123759E-1
1.084000E2	-1.875860E-1	5.106762E-1
1.085000E2	-1.857491E-1	5.108240E-1
1.086000E2	-1.856372E-1	5.076152E-1
1.087000E2	-1.836576E-1	5.078614E-1
1.088000E2	-1.829148E-1	5.076397E-1
1.089000E2	-1.822870E-1	5.077406E-1
1.090000E2	-1.829742E-1	5.043806E-1
1.091000E2	-1.855237E-1	5.051698E-1
1.092000E2	-1.849013E-1	5.032522E-1
1.093000E2	-1.859159E-1	5.012124E-1
1.094000E2	-1.851553E-1	4.995032E-1
1.095000E2	-1.841330E-1	4.986470E-1
1.096000E2	-1.863645E-1	4.967004E-1
1.097000E2	-1.864148E-1	4.964854E-1
1.098000E2	-1.866262E-1	4.953123E-1
1.099000E2	-1.891482E-1	4.933968E-1
1.100000E2	-1.901696E-1	4.912720E-1
1.101000E2	-1.902301E-1	4.906848E-1
1.102000E2	-1.910381E-1	4.898965E-1
1.103000E2	-1.919209E-1	4.902444E-1
1.104000E2	-1.930299E-1	4.865108E-1
1.105000E2	-1.927639E-1	4.853579E-1
1.106000E2	-1.928820E-1	4.833260E-1
1.107000E2	-1.942321E-1	4.859819E-1
1.108000E2	-1.971123E-1	4.840636E-1
1.109000E2	-1.976079E-1	4.822219E-1
1.110000E2	-1.962829E-1	4.821630E-1
1.111000E2	-1.965513E-1	4.823448E-1
1.112000E2	-1.953031E-1	4.824042E-1
1.113000E2	-1.943560E-1	4.829950E-1
1.114000E2	-1.935902E-1	4.843281E-1
1.115000E2	-1.942063E-1	4.842802E-1
1.116000E2	-1.955576E-1	4.835784E-1
1.117000E2	-1.942401E-1	4.830868E-1
1.118000E2	-1.938862E-1	4.817029E-1
1.119000E2	-1.928747E-1	4.814697E-1
1.120000E2	-1.938455E-1	4.801729E-1
1.121000E2	-1.939100E-1	4.804542E-1
1.122000E2	-1.935366E-1	4.816209E-1
1.123000E2	-1.942109E-1	4.810278E-1
1.124000E2	-1.956774E-1	4.808107E-1
1.125000E2	-1.953062E-1	4.781086E-1
1.126000E2	-1.960589E-1	4.767138E-1
1.127000E2	-1.968880E-1	4.747226E-1
1.128000E2	-1.979020E-1	4.734959E-1
1.129000E2	-1.990945E-1	4.711445E-1
1.130000E2	-1.982183E-1	4.715122E-1
1.131000E2	-1.961410E-1	4.701776E-1
1.132000E2	-1.971233E-1	4.683218E-1
1.133000E2	-1.969952E-1	4.670863E-1
1.134000E2	-1.978339E-1	4.656701E-1
1.135000E2	-1.980293E-1	4.631370E-1
1.136000E2	-1.974764E-1	4.599370E-1
1.137000E2	-1.973896E-1	4.588556E-1
1.138000E2	-1.946582E-1	4.575183E-1
1.139000E2	-1.928914E-1	4.570740E-1
1.140000E2	-1.931517E-1	4.577276E-1
1.141000E2	-1.928738E-1	4.566271E-1
1.142000E2	-1.926529E-1	4.561528E-1
1.143000E2	-1.930689E-1	4.554495E-1
1.144000E2	-1.963258E-1	4.551840E-1
1.145000E2	-1.965626E-1	4.541083E-1
1.146000E2	-1.964524E-1	4.542730E-1
1.147000E2	-1.964520E-1	4.565132E-1
1.148000E2	-1.963145E-1	4.553427E-1
1.149000E2	-1.965297E-1	4.566036E-1
1.150000E2	-1.962710E-1	4.556869E-1
1.151000E2	-1.963075E-1	4.563406E-1
1.152000E2	-1.981705E-1	4.530625E-1
1.153000E2	-1.984634E-1	4.565376E-1
1.154000E2	-1.976331E-1	4.539910E-1
1.155000E2	-1.982296E-1	4.556211E-1
1.156000E2	-1.984916E-1	4.561093E-1
1.157000E2	-2.007809E-1	4.549476E-1
1.158000E2	-1.994923E-1	4.530970E-1
1.159000E2	-2.001543E-1	4.511011E-1
1.160000E2	-1.999526E-1	4.516968E-1
1.161000E2	-1.995412E-1	4.515385E-1
1.162000E2	-1.995507E-1	4.517258E-1
1.163000E2	-1.979148E-1	4.502191E-1
1.164000E2	-1.977696E-1	4.505226E-1
1.165000E2	-1.990162E-1	4.510155E-1
1.166000E2	-1.999278E-1	4.516212E-1
1.167000E2	-2.001366E-1	4.506804E-1
1.168000E2	-1.996253E-1	4.497928E-1
1.169000E2	-1.991053E-1	4.498696E-1
1.170000E2	-1.989591E-1	4.489418E-1
1.171000E2	-1.983560E-1	4.490435E-1
1.172000E2	-1.991227E-1	4.522449E-1
1.173000E2	-1.985389E-1	4.517563E-1
1.174000E2	-1.998508E-1	4.515702E-1
1.175000E2	-2.004731E-1	4.527161E-1
1.176000E2	-2.012462E-1	4.529598E-1
1.177000E2	-2.005721E-1	4.550976E-1
1.178000E2	-2.019939E-1	4.556211E-1
1.179000E2	-2.017884E-1	4.569511E-1
1.180000E2	-2.025193E-1	4.568604E-1
1.181000E2	-2.030888E-1	4.573673E-1
1.182000E2	-2.028469E-1	4.566550E-1
1.183000E2	-2.050289E-1	4.570198E-1
1.184000E2	-2.055896E-1	4.572572E-1
1.185000E2	-2.044497E-1	4.569563E-1
1.186000E2	-2.053363E-1	4.570829E-1
1.187000E2	-2.036545E-1	4.590656E-1
1.188000E2	-2.024862E-1	4.603494E-1
1.189000E2	-2.024874E-1	4.606933E-1
1.190000E2	-2.005604E-1	4.591602E-1
1.191000E2	-2.003166E-1	4.605839E-1
1.192000E2	-1.978512E-1	4.597083E-1
1.193000E2	-1.979138E-1	4.595921E-1
1.194000E2	-1.981459E-1	4.607605E-1
1.195000E2	-1.968460E-1	4.586725E-1
1.196000E2	-1.964450E-1	4.612755E-1
1.197000E2	-1.958257E-1	4.611849E-1
1.198000E2	-1.966430E-1	4.611495E-1
1.199000E2	-1.963528E-1	4.617651E-1
1.200000E2	-1.966533E-1	4.614145E-1
1.201000E2	-1.953531E-1	4.620615E-1
1.202000E2	-1.973349E-1	4.618105E-1
1.203000E2	-1.970754E-1	4.637146E-1
1.204000E2	-1.988513E-1	4.640768E-1
1.205000E2	-1.984316E-1	4.637580E-1
1.206000E2	-1.961313E-1	4.630509E-1
1.207000E2	-1.956429E-1	4.623262E-1
1.208000E2	-1.961145E-1	4.633660E-1
1.209000E2	-1.958015E-1	4.625900E-1
1.210000E2	-1.963824E-1	4.645181E-1
1.211000E2	-1.948772E-1	4.654368E-1
1.212000E2	-1.935579E-1	4.649526E-1
1.213000E2	-1.921380E-1	4.651018E-1
1.214000E2	-1.913862E-1	4.659969E-1
1.215000E2	-1.909236E-1	4.673391E-1
1.216000E2	-1.904313E-1	4.670291E-1
1.217000E2	-1.910527E-1	4.686878E-1
1.218000E2	-1.939461E-1	4.681887E-1
1.219000E2	-1.950940E-1	4.682825E-1
1.220000E2	-1.977795E-1	4.688716E-1
1.221000E2	-1.973063E-1	4.703067E-1
1.222000E2	-1.978515E-1	4.714334E-1
1.223000E2	-1.977397E-1	4.726388E-1
1.224000E2	-1.965480E-1	4.724583E-1
1.225000E2	-1.968159E-1	4.727828E-1
1.226000E2	-1.954690E-1	4.730547E-1
1.227000E2	-1.957888E-1	4.746955E-1
1.228000E2	-1.943455E-1	4.738240E-1
