0.000000E0	6.214902E-1	-6.983210E-1
1.000000E-1	6.193413E-1	-6.934719E-1
2.000000E-1	6.203250E-1	-6.950649E-1
3.000000E-1	6.200970E-1	-6.961704E-1
4.000000E-1	6.200825E-1	-6.968535E-1
5.000000E-1	6.198616E-1	-6.941805E-1
6.000000E-1	6.174797E-1	-6.946272E-1
7.000000E-1	6.160176E-1	-6.941748E-1
8.000000E-1	6.180391E-1	-6.921695E-1
9.000000E-1	6.210908E-1	-6.941923E-1
1.000000E0	6.194670E-1	-6.963851E-1
1.100000E0	6.181466E-1	-6.958220E-1
1.200000E0	6.215955E-1	-6.964414E-1
1.300000E0	6.181834E-1	-6.964495E-1
1.400000E0	6.211377E-1	-6.970327E-1
1.500000E0	6.224788E-1	-6.962845E-1
1.600000E0	6.215806E-1	-6.978689E-1
1.700000E0	6.224769E-1	-7.004614E-1
1.800000E0	6.216081E-1	-7.006933E-1
1.900000E0	6.222687E-1	-7.017174E-1
2.000000E0	6.217369E-1	-7.017066E-1
2.100000E0	6.217577E-1	-7.029223E-1
2.200000E0	6.212728E-1	-7.029253E-1
2.300000E0	6.185397E-1	-7.022551E-1
2.400000E0	6.170505E-1	-7.028016E-1
2.500000E0	6.191928E-1	-7.020698E-1
2.600000E0	6.191538E-1	-7.030067E-1
2.700000E0	6.170518E-1	-7.041046E-1
2.800000E0	6.161752E-1	-7.052707E-1
2.900000E0	6.164577E-1	-7.040654E-1
3.000000E0	6.166169E-1	-7.033502E-1
3.100000E0	6.176284E-1	-7.048750E-1
3.200000E0	6.156027E-1	-7.062065E-1
3.300000E0	6.165816E-1	-7.070055E-1
3.400000E0	6.165670E-1	-7.068793E-1
3.500000E0	6.170694E-1	-7.067952E-1
3.600000E0	6.153461E-1	-7.103338E-1
3.700000E0	6.159050E-1	-7.104127E-1
3.800000E0	6.160549E-1	-7.109977E-1
3.900000E0	6.162521E-1	-7.119856E-1
4.000000E0	6.159804E-1	-7.129991E-1
4.100000E0	6.122836E-1	-7.120581E-1
4.200000E0	6.130745E-1	-7.141915E-1
4.300000E0	6.165738E-1	-7.153929E-1
4.400000E0	6.150490E-1	-7.151438E-1
4.500000E0	6.167983E-1	-7.160559E-1
4.600000E0	6.168011E-1	-7.150426E-1
4.700000E0	6.170160E-1	-7.157744E-1
4.800000E0	6.198477E-1	-7.180305E-1
4.900000E0	6.198265E-1	-7.191738E-1
5.000000E0	6.197748E-1	-7.157891E-1
5.100000E0	6.178111E-1	-7.169485E-1
5.200000E0	6.159320E-1	-7.182358E-1
5.300000E0	6.144821E-1	-7.191108E-1
5.400000E0	6.144685E-1	-7.189937E-1
5.500000E0	6.146539E-1	-7.192340E-1
5.600000E0	6.123654E-1	-7.147732E-1
5.700000E0	6.110879E-1	-7.109132E-1
5.800000E0	6.101947E-1	-7.116666E-1
5.900000E0	6.131226E-1	-7.125193E-1
6.000000E0	6.127411E-1	-7.151479E-1
6.100000E0	6.138808E-1	-7.185842E-1
6.200000E0	6.154131E-1	-7.215830E-1
6.300000E0	6.197200E-1	-7.200499E-1
6.400000E0	6.204939E-1	-7.187951E-1
6.500000E0	6.209323E-1	-7.218312E-1
6.600000E0	6.219287E-1	-7.218086E-1
6.700000E0	6.245603E-1	-7.230123E-1
6.800000E0	6.228389E-1	-7.239301E-1
6.900000E0	6.234914E-1	-7.240868E-1
7.000000E0	6.241175E-1	-7.242966E-1
7.100000E0	6.257415E-1	-7.228756E-1
7.200000E0	6.237773E-1	-7.226305E-1
7.300000E0	6.221284E-1	-7.230676E-1
7.400000E0	6.220563E-1	-7.240246E-1
7.500000E0	6.231650E-1	-7.246185E-1
7.600000E0	6.249217E-1	-7.238691E-1
7.700000E0	6.250752E-1	-7.255688E-1
7.800000E0	6.254344E-1	-7.236708E-1
7.900000E0	6.257084E-1	-7.246622E-1
8.000000E0	6.265353E-1	-7.264964E-1
8.100000E0	6.250368E-1	-7.233330E-1
8.200000E0	6.246344E-1	-7.229573E-1
8.300000E0	6.248459E-1	-7.212198E-1
8.400000E0	6.249739E-1	-7.215439E-1
8.500000E0	6.257258E-1	-7.230071E-1
8.600000E0	6.248899E-1	-7.209113E-1
8.700000E0	6.232231E-1	-7.182609E-1
8.800000E0	6.234739E-1	-7.196204E-1
8.900000E0	6.249871E-1	-7.186857E-1
9.000000E0	6.232009E-1	-7.216863E-1
9.100000E0	6.233937E-1	-7.222188E-1
9.200000E0	6.233214E-1	-7.224346E-1
9.300000E0	6.202608E-1	-7.203528E-1
9.400000E0	6.192462E-1	-7.177308E-1
9.500000E0	6.179451E-1	-7.172635E-1
9.600000E0	6.154095E-1	-7.200023E-1
9.700000E0	6.150782E-1	-7.193501E-1
9.800000E0	6.132084E-1	-7.173258E-1
9.900000E0	6.133154E-1	-7.153964E-1
1.000000E1	6.165999E-1	-7.167330E-1
1.010000E1	6.145145E-1	-7.179638E-1
1.020000E1	6.177109E-1	-7.142930E-1
1.030000E1	6.181458E-1	-7.127432E-1
1.040000E1	6.185391E-1	-7.091282E-1
1.050000E1	6.221405E-1	-7.087568E-1
1.060000E1	6.232627E-1	-7.090079E-1
1.070000E1	6.246807E-1	-7.063538E-1
1.080000E1	6.253806E-1	-7.102503E-1
1.090000E1	6.250542E-1	-7.121523E-1
1.100000E1	6.281853E-1	-7.112284E-1
1.110000E1	6.282706E-1	-7.076947E-1
1.120000E1	6.277332E-1	-7.107278E-1
1.130000E1	6.291562E-1	-7.103935E-1
1.140000E1	6.276920E-1	-7.077699E-1
1.150000E1	6.270074E-1	-7.061162E-1
1.160000E1	6.287050E-1	-7.072886E-1
1.170000E1	6.289695E-1	-7.096960E-1
1.180000E1	6.279701E-1	-7.100821E-1
1.190000E1	6.281568E-1	-7.092483E-1
1.200000E1	6.253370E-1	-7.085512E-1
1.210000E1	6.259596E-1	-7.096595E-1
1.220000E1	6.284501E-1	-7.100803E-1
1.230000E1	6.263562E-1	-7.090254E-1
1.240000E1	6.270364E-1	-7.086990E-1
1.250000E1	6.286349E-1	-7.099725E-1
1.260000E1	6.306187E-1	-7.092472E-1
1.270000E1	6.308963E-1	-7.075468E-1
1.280000E1	6.302491E-1	-7.070384E-1
1.290000E1	6.300615E-1	-7.049798E-1
1.300000E1	6.305120E-1	-7.028070E-1
1.310000E1	6.324455E-1	-7.038989E-1
1.320000E1	6.324602E-1	-7.041255E-1
1.330000E1	6.317791E-1	-7.011265E-1
1.340000E1	6.347018E-1	-6.992179E-1
1.350000E1	6.349367E-1	-7.010053E-1
1.360000E1	6.355574E-1	-6.984405E-1
1.370000E1	6.351619E-1	-6.972493E-1
1.380000E1	6.338445E-1	-6.978553E-1
1.390000E1	6.354552E-1	-6.996328E-1
1.400000E1	6.330779E-1	-6.981204E-1
1.410000E1	6.335252E-1	-6.965629E-1
1.420000E1	6.314105E-1	-6.969268E-1
1.430000E1	6.288520E-1	-6.985317E-1
1.440000E1	6.252994E-1	-6.954856E-1
1.450000E1	6.279378E-1	-6.957529E-1
1.460000E1	6.287845E-1	-6.978056E-1
1.470000E1	6.305333E-1	-6.985298E-1
1.480000E1	6.264236E-1	-7.017027E-1
1.490000E1	6.280936E-1	-7.013256E-1
1.500000E1	6.248607E-1	-7.013470E-1
1.510000E1	6.253401E-1	-6.987398E-1
1.520000E1	6.260538E-1	-6.986584E-1
1.530000E1	6.284320E-1	-6.976093E-1
1.540000E1	6.310939E-1	-6.954823E-1
1.550000E1	6.319423E-1	-6.952505E-1
1.560000E1	6.303889E-1	-6.933314E-1
1.570000E1	6.307545E-1	-6.952567E-1
1.580000E1	6.280579E-1	-6.989605E-1
1.590000E1	6.258470E-1	-6.983252E-1
1.600000E1	6.238995E-1	-7.006756E-1
1.610000E1	6.231166E-1	-7.013417E-1
1.620000E1	6.216288E-1	-6.953323E-1
1.630000E1	6.201440E-1	-6.946851E-1
1.640000E1	6.210166E-1	-6.952487E-1
1.650000E1	6.181006E-1	-6.942426E-1
1.660000E1	6.179741E-1	-6.961011E-1
1.670000E1	6.177926E-1	-6.943307E-1
1.680000E1	6.177683E-1	-6.936216E-1
1.690000E1	6.190377E-1	-6.942805E-1
1.700000E1	6.180341E-1	-6.970456E-1
1.710000E1	6.185066E-1	-6.992518E-1
1.720000E1	6.202265E-1	-6.968286E-1
1.730000E1	6.227880E-1	-6.950177E-1
1.740000E1	6.227521E-1	-6.952820E-1
1.750000E1	6.207381E-1	-6.931254E-1
1.760000E1	6.205739E-1	-6.932066E-1
1.770000E1	6.183423E-1	-6.927351E-1
1.780000E1	6.182009E-1	-6.932951E-1
1.790000E1	6.182012E-1	-6.942447E-1
1.800000E1	6.185483E-1	-6.968294E-1
1.810000E1	6.185171E-1	-6.958786E-1
1.820000E1	6.184897E-1	-6.962981E-1
1.830000E1	6.178647E-1	-6.990516E-1
1.840000E1	6.187342E-1	-6.999579E-1
1.850000E1	6.183758E-1	-7.011712E-1
1.860000E1	6.193581E-1	-6.989864E-1
1.870000E1	6.189668E-1	-6.982114E-1
1.880000E1	6.196696E-1	-7.026153E-1
1.890000E1	6.189371E-1	-7.028835E-1
1.900000E1	6.185041E-1	-7.034265E-1
1.910000E1	6.184264E-1	-7.049725E-1
1.920000E1	6.187048E-1	-7.046291E-1
1.930000E1	6.186354E-1	-7.043202E-1
1.940000E1	6.185033E-1	-7.011098E-1
1.950000E1	6.174558E-1	-7.012097E-1
1.960000E1	6.188150E-1	-6.996739E-1
1.970000E1	6.174689E-1	-7.024321E-1
1.980000E1	6.178490E-1	-7.035542E-1
1.990000E1	6.177846E-1	-7.055466E-1
2.000000E1	6.157275E-1	-7.044150E-1
2.010000E1	6.164045E-1	-7.046814E-1
2.020000E1	6.161304E-1	-7.056353E-1
2.030000E1	6.162806E-1	-7.076577E-1
2.040000E1	6.159253E-1	-7.069247E-1
2.050000E1	6.148588E-1	-7.039403E-1
2.060000E1	6.165756E-1	-7.031570E-1
2.070000E1	6.166788E-1	-7.028978E-1
2.080000E1	6.175002E-1	-7.011491E-1
2.090000E1	6.178076E-1	-7.014382E-1
2.100000E1	6.147529E-1	-7.007295E-1
2.110000E1	6.181946E-1	-7.011354E-1
2.120000E1	6.191691E-1	-7.011004E-1
2.130000E1	6.190141E-1	-6.998815E-1
2.140000E1	6.164643E-1	-6.991624E-1
2.150000E1	6.134865E-1	-6.985883E-1
2.160000E1	6.158966E-1	-6.961463E-1
2.170000E1	6.157638E-1	-6.943067E-1
2.180000E1	6.165731E-1	-6.959743E-1
2.190000E1	6.180119E-1	-6.980214E-1
2.200000E1	6.182321E-1	-6.962072E-1
2.210000E1	6.183304E-1	-6.930857E-1
2.220000E1	6.223977E-1	-6.925487E-1
2.230000E1	6.237111E-1	-6.908100E-1
2.240000E1	6.185269E-1	-6.915055E-1
2.250000E1	6.185740E-1	-6.913948E-1
2.260000E1	6.186258E-1	-6.925507E-1
2.270000E1	6.175174E-1	-6.938966E-1
2.280000E1	6.171256E-1	-6.913417E-1
2.290000E1	6.151650E-1	-6.891400E-1
2.300000E1	6.136547E-1	-6.884115E-1
2.310000E1	6.112506E-1	-6.884913E-1
2.320000E1	6.110318E-1	-6.907967E-1
2.330000E1	6.120634E-1	-6.916916E-1
2.340000E1	6.129292E-1	-6.914456E-1
2.350000E1	6.113911E-1	-6.914737E-1
2.360000E1	6.098232E-1	-6.890051E-1
2.370000E1	6.109138E-1	-6.890682E-1
2.380000E1	6.109772E-1	-6.889567E-1
2.390000E1	6.108905E-1	-6.893532E-1
2.400000E1	6.108127E-1	-6.921049E-1
2.410000E1	6.080954E-1	-6.913936E-1
2.420000E1	6.063089E-1	-6.869829E-1
2.430000E1	6.061794E-1	-6.889498E-1
2.440000E1	6.084412E-1	-6.894215E-1
2.450000E1	6.089011E-1	-6.849727E-1
2.460000E1	6.081555E-1	-6.831711E-1
2.470000E1	6.073588E-1	-6.827369E-1
2.480000E1	6.067885E-1	-6.810766E-1
2.490000E1	6.096939E-1	-6.800989E-1
2.500000E1	6.101204E-1	-6.798723E-1
2.510000E1	6.081895E-1	-6.816503E-1
2.520000E1	6.093943E-1	-6.776559E-1
2.530000E1	6.107828E-1	-6.793585E-1
2.540000E1	6.097665E-1	-6.800439E-1
2.550000E1	6.104635E-1	-6.807171E-1
2.560000E1	6.105273E-1	-6.806316E-1
2.570000E1	6.094220E-1	-6.802254E-1
2.580000E1	6.102312E-1	-6.798180E-1
2.590000E1	6.091273E-1	-6.785347E-1
2.600000E1	6.098596E-1	-6.771507E-1
2.610000E1	6.124892E-1	-6.785560E-1
2.620000E1	6.114295E-1	-6.753076E-1
2.630000E1	6.132162E-1	-6.784895E-1
2.640000E1	6.118354E-1	-6.787468E-1
2.650000E1	6.155073E-1	-6.763448E-1
2.660000E1	6.143175E-1	-6.772100E-1
2.670000E1	6.134080E-1	-6.783581E-1
2.680000E1	6.154030E-1	-6.804655E-1
2.690000E1	6.136145E-1	-6.801912E-1
2.700000E1	6.155593E-1	-6.820710E-1
2.710000E1	6.122039E-1	-6.839188E-1
2.720000E1	6.110250E-1	-6.813041E-1
2.730000E1	6.129224E-1	-6.813718E-1
2.740000E1	6.113895E-1	-6.799145E-1
2.750000E1	6.114053E-1	-6.796919E-1
2.760000E1	6.107662E-1	-6.817125E-1
2.770000E1	6.102368E-1	-6.801459E-1
2.780000E1	6.104143E-1	-6.799053E-1
2.790000E1	6.109966E-1	-6.809920E-1
2.800000E1	6.081948E-1	-6.818668E-1
2.810000E1	6.104029E-1	-6.843653E-1
2.820000E1	6.132098E-1	-6.825363E-1
2.830000E1	6.126308E-1	-6.824180E-1
2.840000E1	6.126121E-1	-6.819258E-1
2.850000E1	6.161985E-1	-6.831771E-1
2.860000E1	6.170031E-1	-6.839315E-1
2.870000E1	6.186507E-1	-6.840922E-1
2.880000E1	6.213320E-1	-6.869966E-1
2.890000E1	6.227570E-1	-6.870087E-1
2.900000E1	6.260303E-1	-6.886467E-1
2.910000E1	6.271397E-1	-6.902745E-1
2.920000E1	6.265284E-1	-6.902373E-1
2.930000E1	6.254133E-1	-6.910437E-1
2.940000E1	6.241601E-1	-6.897732E-1
2.950000E1	6.229809E-1	-6.914917E-1
2.960000E1	6.236274E-1	-6.905422E-1
2.970000E1	6.248594E-1	-6.926374E-1
2.980000E1	6.241406E-1	-6.948978E-1
2.990000E1	6.246769E-1	-6.932338E-1
3.000000E1	6.248319E-1	-6.935810E-1
3.010000E1	6.258715E-1	-6.941049E-1
3.020000E1	6.272275E-1	-6.944242E-1
3.030000E1	6.279333E-1	-6.978290E-1
3.040000E1	6.274332E-1	-6.979244E-1
3.050000E1	6.304802E-1	-6.999253E-1
3.060000E1	6.322537E-1	-6.979445E-1
3.070000E1	6.326198E-1	-6.993745E-1
3.080000E1	6.299434E-1	-6.974031E-1
3.090000E1	6.269753E-1	-6.955424E-1
3.100000E1	6.260165E-1	-6.965164E-1
3.110000E1	6.259875E-1	-6.952791E-1
3.120000E1	6.292894E-1	-6.970202E-1
3.130000E1	6.265261E-1	-7.002854E-1
3.140000E1	6.251736E-1	-7.017523E-1
3.150000E1	6.243231E-1	-7.008310E-1
3.160000E1	6.236273E-1	-7.009598E-1
3.170000E1	6.198189E-1	-6.998291E-1
3.180000E1	6.186696E-1	-7.008483E-1
3.190000E1	6.179411E-1	-7.010978E-1
3.200000E1	6.190626E-1	-7.019406E-1
3.210000E1	6.199569E-1	-7.016774E-1
3.220000E1	6.188719E-1	-7.014094E-1
3.230000E1	6.178438E-1	-7.008947E-1
3.240000E1	6.180861E-1	-7.011801E-1
3.250000E1	6.188638E-1	-6.993350E-1
3.260000E1	6.193910E-1	-6.990635E-1
3.270000E1	6.182592E-1	-6.989774E-1
3.280000E1	6.189190E-1	-6.969951E-1
3.290000E1	6.187010E-1	-6.960857E-1
3.300000E1	6.179970E-1	-6.970437E-1
3.310000E1	6.167162E-1	-6.940608E-1
3.320000E1	6.191914E-1	-6.944222E-1
3.330000E1	6.230961E-1	-6.938168E-1
3.340000E1	6.227410E-1	-6.961277E-1
3.350000E1	6.197282E-1	-6.938931E-1
3.360000E1	6.195480E-1	-6.906265E-1
3.370000E1	6.182854E-1	-6.920349E-1
3.380000E1	6.174122E-1	-6.896281E-1
3.390000E1	6.176550E-1	-6.912439E-1
3.400000E1	6.171977E-1	-6.916601E-1
3.410000E1	6.134101E-1	-6.902577E-1
3.420000E1	6.123246E-1	-6.890435E-1
3.430000E1	6.119708E-1	-6.880294E-1
3.440000E1	6.106127E-1	-6.836563E-1
3.450000E1	6.141438E-1	-6.820144E-1
3.460000E1	6.177788E-1	-6.808201E-1
3.470000E1	6.180681E-1	-6.815496E-1
3.480000E1	6.179120E-1	-6.829546E-1
3.490000E1	6.191311E-1	-6.815889E-1
3.500000E1	6.186329E-1	-6.812637E-1
3.510000E1	6.212067E-1	-6.809342E-1
3.520000E1	6.233023E-1	-6.809386E-1
3.530000E1	6.248159E-1	-6.806624E-1
3.540000E1	6.221567E-1	-6.827630E-1
3.550000E1	6.206178E-1	-6.840713E-1
3.560000E1	6.213644E-1	-6.845417E-1
3.570000E1	6.215342E-1	-6.824144E-1
3.580000E1	6.209543E-1	-6.789186E-1
3.590000E1	6.238216E-1	-6.796927E-1
3.600000E1	6.256799E-1	-6.821184E-1
3.610000E1	6.255142E-1	-6.831640E-1
3.620000E1	6.258202E-1	-6.860964E-1
3.630000E1	6.281841E-1	-6.843497E-1
3.640000E1	6.286905E-1	-6.861184E-1
3.650000E1	6.304984E-1	-6.881394E-1
3.660000E1	6.308555E-1	-6.881599E-1
3.670000E1	6.326895E-1	-6.857899E-1
3.680000E1	6.288073E-1	-6.880739E-1
3.690000E1	6.261005E-1	-6.900624E-1
3.700000E1	6.252027E-1	-6.941224E-1
3.710000E1	6.266526E-1	-6.962255E-1
3.720000E1	6.251604E-1	-6.958109E-1
3.730000E1	6.236928E-1	-6.959688E-1
3.740000E1	6.197567E-1	-6.953673E-1
3.750000E1	6.176249E-1	-6.964327E-1
3.760000E1	6.154878E-1	-6.985825E-1
3.770000E1	6.140829E-1	-7.039388E-1
3.780000E1	6.119009E-1	-7.036987E-1
3.790000E1	6.094619E-1	-7.045429E-1
3.800000E1	6.080709E-1	-7.039870E-1
3.810000E1	6.068018E-1	-7.060326E-1
3.820000E1	6.070119E-1	-7.054724E-1
3.830000E1	6.049875E-1	-7.027747E-1
3.840000E1	6.050956E-1	-7.045671E-1
3.850000E1	6.046418E-1	-7.028925E-1
3.860000E1	6.052986E-1	-7.023686E-1
3.870000E1	6.047398E-1	-7.018897E-1
3.880000E1	6.044193E-1	-7.025476E-1
3.890000E1	6.014218E-1	-7.034294E-1
3.900000E1	6.031161E-1	-7.039653E-1
3.910000E1	6.032478E-1	-7.020280E-1
3.920000E1	6.040240E-1	-7.029231E-1
3.930000E1	6.018633E-1	-7.038310E-1
3.940000E1	6.032920E-1	-7.043812E-1
3.950000E1	6.020102E-1	-7.036435E-1
3.960000E1	6.013245E-1	-7.038591E-1
3.970000E1	6.023136E-1	-7.054636E-1
3.980000E1	6.006111E-1	-7.044232E-1
3.990000E1	5.992792E-1	-7.055128E-1
4.000000E1	5.959636E-1	-7.067120E-1
4.010000E1	5.969014E-1	-7.039998E-1
4.020000E1	5.970860E-1	-7.024689E-1
4.030000E1	6.003341E-1	-7.021434E-1
4.040000E1	5.991411E-1	-7.020404E-1
4.050000E1	5.976536E-1	-7.013927E-1
4.060000E1	5.978209E-1	-7.052331E-1
4.070000E1	5.997215E-1	-7.067781E-1
4.080000E1	5.984503E-1	-7.067171E-1
4.090000E1	5.980587E-1	-7.054884E-1
4.100000E1	5.977808E-1	-7.069157E-1
4.110000E1	5.960582E-1	-7.088638E-1
4.120000E1	5.957945E-1	-7.120654E-1
4.130000E1	5.950988E-1	-7.111063E-1
4.140000E1	5.942777E-1	-7.103489E-1
4.150000E1	5.938720E-1	-7.087601E-1
4.160000E1	5.934415E-1	-7.061399E-1
4.170000E1	5.952720E-1	-7.052144E-1
4.180000E1	5.935399E-1	-7.039425E-1
4.190000E1	5.920944E-1	-7.041158E-1
4.200000E1	5.932317E-1	-7.033798E-1
4.210000E1	5.942186E-1	-7.016077E-1
4.220000E1	5.950783E-1	-7.020002E-1
4.230000E1	5.952592E-1	-6.999847E-1
4.240000E1	5.925054E-1	-6.977752E-1
4.250000E1	5.945292E-1	-6.955889E-1
4.260000E1	5.971277E-1	-6.963336E-1
4.270000E1	5.954873E-1	-6.951016E-1
4.280000E1	5.935797E-1	-6.965769E-1
4.290000E1	5.951858E-1	-6.973652E-1
4.300000E1	5.991349E-1	-6.979706E-1
4.310000E1	6.037473E-1	-6.983827E-1
4.320000E1	6.044051E-1	-7.010367E-1
4.330000E1	6.042895E-1	-7.001455E-1
4.340000E1	6.055559E-1	-7.036426E-1
4.350000E1	6.047320E-1	-7.049259E-1
4.360000E1	6.052239E-1	-7.052789E-1
4.370000E1	6.048728E-1	-7.039961E-1
4.380000E1	6.046848E-1	-7.054951E-1
4.390000E1	6.039057E-1	-7.053076E-1
4.400000E1	6.029669E-1	-7.037407E-1
4.410000E1	6.023460E-1	-7.040679E-1
4.420000E1	6.021383E-1	-7.054379E-1
4.430000E1	6.030620E-1	-7.013461E-1
4.440000E1	6.015647E-1	-6.988042E-1
4.450000E1	6.018958E-1	-6.973014E-1
4.460000E1	6.038730E-1	-6.972914E-1
4.470000E1	6.046586E-1	-6.971742E-1
4.480000E1	6.069485E-1	-6.976717E-1
4.490000E1	6.086033E-1	-7.010182E-1
4.500000E1	6.107378E-1	-6.993956E-1
4.510000E1	6.073750E-1	-7.006752E-1
4.520000E1	6.056324E-1	-7.015110E-1
4.530000E1	6.057133E-1	-7.004026E-1
4.540000E1	6.051517E-1	-6.993208E-1
4.550000E1	6.065303E-1	-7.011590E-1
4.560000E1	6.083288E-1	-7.022095E-1
4.570000E1	6.100317E-1	-7.020024E-1
4.580000E1	6.120357E-1	-7.011720E-1
4.590000E1	6.122520E-1	-7.041507E-1
4.600000E1	6.087260E-1	-7.041889E-1
4.610000E1	6.058056E-1	-7.029585E-1
4.620000E1	6.046838E-1	-7.035848E-1
4.630000E1	6.044561E-1	-7.028970E-1
4.640000E1	6.034067E-1	-7.035127E-1
4.650000E1	6.018011E-1	-7.009907E-1
4.660000E1	5.981921E-1	-7.007667E-1
4.670000E1	6.004119E-1	-6.992138E-1
4.680000E1	5.995782E-1	-6.985413E-1
4.690000E1	5.988408E-1	-6.993957E-1
4.700000E1	6.013463E-1	-6.994934E-1
4.710000E1	6.034887E-1	-7.011794E-1
4.720000E1	6.020648E-1	-7.006746E-1
4.730000E1	6.028355E-1	-7.000255E-1
4.740000E1	6.028589E-1	-7.003843E-1
4.750000E1	6.036390E-1	-7.008000E-1
4.760000E1	6.043044E-1	-7.013807E-1
4.770000E1	6.041223E-1	-7.007075E-1
4.780000E1	6.056129E-1	-7.057948E-1
4.790000E1	6.066023E-1	-7.083997E-1
4.800000E1	6.053795E-1	-7.081112E-1
4.810000E1	6.042780E-1	-7.069592E-1
4.820000E1	6.033630E-1	-7.062118E-1
4.830000E1	6.021218E-1	-7.044159E-1
4.840000E1	5.996179E-1	-7.019715E-1
4.850000E1	6.000378E-1	-7.031406E-1
4.860000E1	6.033014E-1	-7.039856E-1
4.870000E1	6.036018E-1	-7.037024E-1
4.880000E1	6.040665E-1	-7.051568E-1
4.890000E1	6.018095E-1	-7.055072E-1
4.900000E1	6.022563E-1	-7.072886E-1
4.910000E1	6.026193E-1	-7.084173E-1
4.920000E1	5.995822E-1	-7.075656E-1
4.930000E1	5.977618E-1	-7.058972E-1
4.940000E1	5.984528E-1	-7.051163E-1
4.950000E1	5.992324E-1	-7.029974E-1
4.960000E1	6.002447E-1	-7.055308E-1
4.970000E1	6.011875E-1	-7.076814E-1
4.980000E1	5.990477E-1	-7.086499E-1
4.990000E1	5.995563E-1	-7.083917E-1
5.000000E1	5.994490E-1	-7.099075E-1
5.010000E1	5.999153E-1	-7.122062E-1
5.020000E1	6.022247E-1	-7.145058E-1
5.030000E1	6.022372E-1	-7.137367E-1
5.040000E1	6.022079E-1	-7.099358E-1
5.050000E1	6.018079E-1	-7.099518E-1
5.060000E1	6.016806E-1	-7.101623E-1
5.070000E1	6.052012E-1	-7.113727E-1
5.080000E1	6.073079E-1	-7.134172E-1
5.090000E1	6.085084E-1	-7.144571E-1
5.100000E1	6.090135E-1	-7.138124E-1
5.110000E1	6.062370E-1	-7.131429E-1
5.120000E1	6.062556E-1	-7.126743E-1
5.130000E1	6.043994E-1	-7.129594E-1
5.140000E1	6.058495E-1	-7.141543E-1
5.150000E1	6.059660E-1	-7.127384E-1
5.160000E1	6.066057E-1	-7.129679E-1
5.170000E1	6.044592E-1	-7.135912E-1
5.180000E1	6.034782E-1	-7.119848E-1
5.190000E1	6.021112E-1	-7.082436E-1
5.200000E1	6.018141E-1	-7.094431E-1
5.210000E1	5.993621E-1	-7.104792E-1
5.220000E1	6.007850E-1	-7.081914E-1
5.230000E1	5.997225E-1	-7.050287E-1
5.240000E1	6.015411E-1	-7.062794E-1
5.250000E1	6.013961E-1	-7.055001E-1
5.260000E1	6.010292E-1	-7.053275E-1
5.270000E1	6.018940E-1	-7.045619E-1
5.280000E1	5.980648E-1	-7.044704E-1
5.290000E1	6.000076E-1	-7.031764E-1
5.300000E1	5.974916E-1	-7.022143E-1
5.310000E1	5.973596E-1	-7.003924E-1
5.320000E1	5.958847E-1	-7.016754E-1
5.330000E1	5.950670E-1	-7.034304E-1
5.340000E1	5.947049E-1	-7.073490E-1
5.350000E1	5.924840E-1	-7.081067E-1
5.360000E1	5.938776E-1	-7.096065E-1
5.370000E1	5.961008E-1	-7.106045E-1
5.380000E1	5.976271E-1	-7.131952E-1
5.390000E1	5.992937E-1	-7.155019E-1
5.400000E1	5.979977E-1	-7.161147E-1
5.410000E1	5.976563E-1	-7.176351E-1
5.420000E1	5.977857E-1	-7.149426E-1
5.430000E1	5.987984E-1	-7.164541E-1
5.440000E1	5.993839E-1	-7.164672E-1
5.450000E1	5.995102E-1	-7.170667E-1
5.460000E1	5.999686E-1	-7.149277E-1
5.470000E1	6.034801E-1	-7.134332E-1
5.480000E1	5.986377E-1	-7.138414E-1
5.490000E1	5.986705E-1	-7.145417E-1
5.500000E1	5.991315E-1	-7.140179E-1
5.510000E1	5.962813E-1	-7.141723E-1
5.520000E1	5.973034E-1	-7.165150E-1
5.530000E1	5.970746E-1	-7.131786E-1
5.540000E1	5.956234E-1	-7.139584E-1
5.550000E1	5.986224E-1	-7.154363E-1
5.560000E1	5.986176E-1	-7.179073E-1
5.570000E1	5.943903E-1	-7.139085E-1
5.580000E1	5.940469E-1	-7.128469E-1
5.590000E1	5.923647E-1	-7.107220E-1
5.600000E1	5.927441E-1	-7.132440E-1
5.610000E1	5.917992E-1	-7.105360E-1
5.620000E1	5.898739E-1	-7.143006E-1
5.630000E1	5.908063E-1	-7.111542E-1
5.640000E1	5.888541E-1	-7.093677E-1
5.650000E1	5.844449E-1	-7.072924E-1
5.660000E1	5.838272E-1	-7.057419E-1
5.670000E1	5.814009E-1	-7.068069E-1
5.680000E1	5.810865E-1	-7.073833E-1
5.690000E1	5.803786E-1	-7.075140E-1
5.700000E1	5.803116E-1	-7.088004E-1
5.710000E1	5.804635E-1	-7.101335E-1
5.720000E1	5.814461E-1	-7.128569E-1
5.730000E1	5.794693E-1	-7.132196E-1
5.740000E1	5.807217E-1	-7.112675E-1
5.750000E1	5.801895E-1	-7.097106E-1
5.760000E1	5.829532E-1	-7.090660E-1
5.770000E1	5.854409E-1	-7.074676E-1
5.780000E1	5.847283E-1	-7.079193E-1
5.790000E1	5.840864E-1	-7.079197E-1
5.800000E1	5.838039E-1	-7.066342E-1
5.810000E1	5.855404E-1	-7.044748E-1
5.820000E1	5.846865E-1	-7.036706E-1
5.830000E1	5.854910E-1	-7.025712E-1
5.840000E1	5.865319E-1	-7.039635E-1
5.850000E1	5.858993E-1	-7.052801E-1
5.860000E1	5.864647E-1	-7.046871E-1
5.870000E1	5.863016E-1	-7.040601E-1
5.880000E1	5.870946E-1	-7.022802E-1
5.890000E1	5.870773E-1	-6.995562E-1
5.900000E1	5.864678E-1	-6.985442E-1
5.910000E1	5.860866E-1	-6.996729E-1
5.920000E1	5.863911E-1	-7.011285E-1
5.930000E1	5.855225E-1	-7.004241E-1
5.940000E1	5.867739E-1	-6.995813E-1
5.950000E1	5.872728E-1	-7.002566E-1
5.960000E1	5.871950E-1	-7.017792E-1
5.970000E1	5.902623E-1	-7.009483E-1
5.980000E1	5.907945E-1	-7.026680E-1
5.990000E1	5.911683E-1	-7.000685E-1
6.000000E1	5.921277E-1	-7.003156E-1
6.010000E1	5.921935E-1	-7.007167E-1
6.020000E1	5.913828E-1	-7.031518E-1
6.030000E1	5.908180E-1	-7.005481E-1
6.040000E1	5.916826E-1	-6.984392E-1
6.050000E1	5.915031E-1	-6.988291E-1
6.060000E1	5.882376E-1	-6.993906E-1
6.070000E1	5.908338E-1	-6.993750E-1
6.080000E1	5.898795E-1	-6.978100E-1
6.090000E1	5.900430E-1	-6.973383E-1
6.100000E1	5.903619E-1	-6.957295E-1
6.110000E1	5.911329E-1	-6.941265E-1
6.120000E1	5.911433E-1	-6.988657E-1
6.130000E1	5.890335E-1	-7.023769E-1
6.140000E1	5.876662E-1	-7.018107E-1
6.150000E1	5.862344E-1	-6.981078E-1
6.160000E1	5.891848E-1	-6.963431E-1
6.170000E1	5.895772E-1	-6.953371E-1
6.180000E1	5.927515E-1	-6.946805E-1
6.190000E1	5.928191E-1	-6.927279E-1
6.200000E1	5.917174E-1	-6.912531E-1
6.210000E1	5.916157E-1	-6.922149E-1
6.220000E1	5.885692E-1	-6.935778E-1
6.230000E1	5.856370E-1	-6.952450E-1
6.240000E1	5.870066E-1	-6.969030E-1
6.250000E1	5.862233E-1	-6.952829E-1
6.260000E1	5.855488E-1	-6.925454E-1
6.270000E1	5.849537E-1	-6.907694E-1
6.280000E1	5.839168E-1	-6.895257E-1
6.290000E1	5.816340E-1	-6.933117E-1
6.300000E1	5.827771E-1	-6.937889E-1
6.310000E1	5.804854E-1	-6.916643E-1
6.320000E1	5.794447E-1	-6.899534E-1
6.330000E1	5.771747E-1	-6.881841E-1
6.340000E1	5.782405E-1	-6.881141E-1
6.350000E1	5.773082E-1	-6.877315E-1
6.360000E1	5.767743E-1	-6.883080E-1
6.370000E1	5.727123E-1	-6.883692E-1
6.380000E1	5.725634E-1	-6.935457E-1
6.390000E1	5.711918E-1	-6.942041E-1
6.400000E1	5.668659E-1	-6.973368E-1
6.410000E1	5.661782E-1	-6.985588E-1
6.420000E1	5.665435E-1	-6.998859E-1
6.430000E1	5.659162E-1	-6.988315E-1
6.440000E1	5.649876E-1	-7.020026E-1
6.450000E1	5.627478E-1	-7.018553E-1
6.460000E1	5.641584E-1	-7.013726E-1
6.470000E1	5.654096E-1	-7.017722E-1
6.480000E1	5.632716E-1	-7.031002E-1
6.490000E1	5.633969E-1	-7.054637E-1
6.500000E1	5.634740E-1	-7.079452E-1
6.510000E1	5.655609E-1	-7.073649E-1
6.520000E1	5.650380E-1	-7.075236E-1
6.530000E1	5.643245E-1	-7.093264E-1
6.540000E1	5.651517E-1	-7.076204E-1
6.550000E1	5.616241E-1	-7.061356E-1
6.560000E1	5.601959E-1	-7.059414E-1
6.570000E1	5.631009E-1	-7.053527E-1
6.580000E1	5.604325E-1	-7.025113E-1
6.590000E1	5.601254E-1	-7.030366E-1
6.600000E1	5.628742E-1	-7.043663E-1
6.610000E1	5.595378E-1	-7.059419E-1
6.620000E1	5.613917E-1	-7.071713E-1
6.630000E1	5.600236E-1	-7.065094E-1
6.640000E1	5.594583E-1	-7.076910E-1
6.650000E1	5.563162E-1	-7.082357E-1
6.660000E1	5.554716E-1	-7.065912E-1
6.670000E1	5.562184E-1	-7.053041E-1
6.680000E1	5.536630E-1	-7.034573E-1
6.690000E1	5.547760E-1	-7.016854E-1
6.700000E1	5.539536E-1	-7.038090E-1
6.710000E1	5.534217E-1	-7.068607E-1
6.720000E1	5.527281E-1	-7.097326E-1
6.730000E1	5.543105E-1	-7.124942E-1
6.740000E1	5.560247E-1	-7.139513E-1
6.750000E1	5.588026E-1	-7.106375E-1
6.760000E1	5.571221E-1	-7.102522E-1
6.770000E1	5.555059E-1	-7.092000E-1
6.780000E1	5.595645E-1	-7.092470E-1
6.790000E1	5.608717E-1	-7.116753E-1
6.800000E1	5.599242E-1	-7.138905E-1
6.810000E1	5.561688E-1	-7.140349E-1
6.820000E1	5.563534E-1	-7.128219E-1
6.830000E1	5.566472E-1	-7.147678E-1
6.840000E1	5.568193E-1	-7.152172E-1
6.850000E1	5.546785E-1	-7.147840E-1
6.860000E1	5.537812E-1	-7.146254E-1
6.870000E1	5.527578E-1	-7.143736E-1
6.880000E1	5.526376E-1	-7.123962E-1
6.890000E1	5.494202E-1	-7.149448E-1
6.900000E1	5.486202E-1	-7.169523E-1
6.910000E1	5.486775E-1	-7.184276E-1
6.920000E1	5.471337E-1	-7.186653E-1
6.930000E1	5.453937E-1	-7.194012E-1
6.940000E1	5.432854E-1	-7.173020E-1
6.950000E1	5.434584E-1	-7.165917E-1
6.960000E1	5.440492E-1	-7.163358E-1
6.970000E1	5.452374E-1	-7.171615E-1
6.980000E1	5.452608E-1	-7.168536E-1
6.990000E1	5.466156E-1	-7.152248E-1
7.000000E1	5.426695E-1	-7.129498E-1
7.010000E1	5.466426E-1	-7.127724E-1
7.020000E1	5.466989E-1	-7.114182E-1
7.030000E1	5.476906E-1	-7.092575E-1
7.040000E1	5.484187E-1	-7.126106E-1
7.050000E1	5.483138E-1	-7.109619E-1
7.060000E1	5.466604E-1	-7.105293E-1
7.070000E1	5.460744E-1	-7.099944E-1
7.080000E1	5.473752E-1	-7.118012E-1
7.090000E1	5.482819E-1	-7.139123E-1
7.100000E1	5.512802E-1	-7.150826E-1
7.110000E1	5.488400E-1	-7.153724E-1
7.120000E1	5.492137E-1	-7.150428E-1
7.130000E1	5.491709E-1	-7.131547E-1
7.140000E1	5.483713E-1	-7.123659E-1
7.150000E1	5.475674E-1	-7.116262E-1
7.160000E1	5.463105E-1	-7.102345E-1
7.170000E1	5.443668E-1	-7.094329E-1
7.180000E1	5.432899E-1	-7.097045E-1
7.190000E1	5.431347E-1	-7.074243E-1
7.200000E1	5.435520E-1	-7.067050E-1
7.210000E1	5.425119E-1	-7.086747E-1
7.220000E1	5.426166E-1	-7.090114E-1
7.230000E1	5.454711E-1	-7.103617E-1
7.240000E1	5.405452E-1	-7.122825E-1
7.250000E1	5.411518E-1	-7.132897E-1
7.260000E1	5.399621E-1	-7.109170E-1
7.270000E1	5.390775E-1	-7.093822E-1
7.280000E1	5.391864E-1	-7.088481E-1
7.290000E1	5.387925E-1	-7.104454E-1
7.300000E1	5.405469E-1	-7.085498E-1
7.310000E1	5.404846E-1	-7.079082E-1
7.320000E1	5.400936E-1	-7.066598E-1
7.330000E1	5.376206E-1	-7.071043E-1
7.340000E1	5.365522E-1	-7.059889E-1
7.350000E1	5.363656E-1	-7.055774E-1
7.360000E1	5.371589E-1	-7.067410E-1
7.370000E1	5.379383E-1	-7.080781E-1
7.380000E1	5.366489E-1	-7.057611E-1
7.390000E1	5.348959E-1	-7.080391E-1
7.400000E1	5.338235E-1	-7.056110E-1
7.410000E1	5.354496E-1	-7.045970E-1
7.420000E1	5.363096E-1	-7.038329E-1
7.430000E1	5.406323E-1	-7.037626E-1
7.440000E1	5.417090E-1	-7.043994E-1
7.450000E1	5.459900E-1	-7.052789E-1
7.460000E1	5.437591E-1	-7.052592E-1
7.470000E1	5.428510E-1	-7.060317E-1
7.480000E1	5.441485E-1	-7.077251E-1
7.490000E1	5.471349E-1	-7.091449E-1
7.500000E1	5.489692E-1	-7.082914E-1
7.510000E1	5.495895E-1	-7.073076E-1
7.520000E1	5.511862E-1	-7.108310E-1
7.530000E1	5.489963E-1	-7.110794E-1
7.540000E1	5.495498E-1	-7.120190E-1
7.550000E1	5.514171E-1	-7.126004E-1
7.560000E1	5.507799E-1	-7.139642E-1
7.570000E1	5.493610E-1	-7.153516E-1
7.580000E1	5.487513E-1	-7.155176E-1
7.590000E1	5.488214E-1	-7.179433E-1
7.600000E1	5.490563E-1	-7.179294E-1
7.610000E1	5.511175E-1	-7.137941E-1
7.620000E1	5.510623E-1	-7.129982E-1
7.630000E1	5.514130E-1	-7.104066E-1
7.640000E1	5.515319E-1	-7.115147E-1
7.650000E1	5.484912E-1	-7.099240E-1
7.660000E1	5.484467E-1	-7.117466E-1
7.670000E1	5.515337E-1	-7.114169E-1
7.680000E1	5.543521E-1	-7.121402E-1
7.690000E1	5.550447E-1	-7.085162E-1
7.700000E1	5.571052E-1	-7.069355E-1
7.710000E1	5.571438E-1	-7.056329E-1
7.720000E1	5.574663E-1	-7.035248E-1
7.730000E1	5.576389E-1	-7.033517E-1
7.740000E1	5.600883E-1	-7.003411E-1
7.750000E1	5.583386E-1	-6.990667E-1
7.760000E1	5.570852E-1	-6.970278E-1
7.770000E1	5.563501E-1	-6.943212E-1
7.780000E1	5.552015E-1	-6.930977E-1
7.790000E1	5.559223E-1	-6.928990E-1
7.800000E1	5.554177E-1	-6.889564E-1
7.810000E1	5.595866E-1	-6.878900E-1
7.820000E1	5.605668E-1	-6.890530E-1
7.830000E1	5.597952E-1	-6.902016E-1
7.840000E1	5.607170E-1	-6.929591E-1
7.850000E1	5.601405E-1	-6.915420E-1
7.860000E1	5.601225E-1	-6.925452E-1
7.870000E1	5.589817E-1	-6.945270E-1
7.880000E1	5.597822E-1	-6.929472E-1
7.890000E1	5.593747E-1	-6.946915E-1
7.900000E1	5.597825E-1	-6.933977E-1
7.910000E1	5.594416E-1	-6.936724E-1
7.920000E1	5.597252E-1	-6.938489E-1
7.930000E1	5.610994E-1	-6.925090E-1
7.940000E1	5.604795E-1	-6.910968E-1
7.950000E1	5.600395E-1	-6.905277E-1
7.960000E1	5.602777E-1	-6.896795E-1
7.970000E1	5.588875E-1	-6.898451E-1
7.980000E1	5.550032E-1	-6.882630E-1
7.990000E1	5.579328E-1	-6.843250E-1
8.000000E1	5.594210E-1	-6.857844E-1
8.010000E1	5.597627E-1	-6.854718E-1
8.020000E1	5.614358E-1	-6.815440E-1
8.030000E1	5.642851E-1	-6.795980E-1
8.040000E1	5.636657E-1	-6.818702E-1
8.050000E1	5.646337E-1	-6.797231E-1
8.060000E1	5.606142E-1	-6.790288E-1
8.070000E1	5.602462E-1	-6.774208E-1
8.080000E1	5.580768E-1	-6.739943E-1
8.090000E1	5.579853E-1	-6.721211E-1
8.100000E1	5.564525E-1	-6.707359E-1
8.110000E1	5.590246E-1	-6.748321E-1
8.120000E1	5.596807E-1	-6.734340E-1
8.130000E1	5.590112E-1	-6.722589E-1
8.140000E1	5.628597E-1	-6.711414E-1
8.150000E1	5.650865E-1	-6.719051E-1
8.160000E1	5.648117E-1	-6.728379E-1
8.170000E1	5.648006E-1	-6.736903E-1
8.180000E1	5.640263E-1	-6.744956E-1
8.190000E1	5.646693E-1	-6.722807E-1
8.200000E1	5.656712E-1	-6.744341E-1
8.210000E1	5.658774E-1	-6.748000E-1
8.220000E1	5.662653E-1	-6.734654E-1
8.230000E1	5.670657E-1	-6.716105E-1
8.240000E1	5.667887E-1	-6.696403E-1
8.250000E1	5.665728E-1	-6.705622E-1
8.260000E1	5.665013E-1	-6.711885E-1
8.270000E1	5.690812E-1	-6.694604E-1
8.280000E1	5.693301E-1	-6.708086E-1
8.290000E1	5.669247E-1	-6.712110E-1
8.300000E1	5.694038E-1	-6.679087E-1
8.310000E1	5.679669E-1	-6.674235E-1
8.320000E1	5.682883E-1	-6.683666E-1
8.330000E1	5.670864E-1	-6.648418E-1
8.340000E1	5.684219E-1	-6.670581E-1
8.350000E1	5.686813E-1	-6.687002E-1
8.360000E1	5.709433E-1	-6.682149E-1
8.370000E1	5.707541E-1	-6.691570E-1
8.380000E1	5.724868E-1	-6.696733E-1
8.390000E1	5.722477E-1	-6.689837E-1
8.400000E1	5.722484E-1	-6.692339E-1
8.410000E1	5.725047E-1	-6.694029E-1
8.420000E1	5.715083E-1	-6.715102E-1
8.430000E1	5.727277E-1	-6.736180E-1
8.440000E1	5.721983E-1	-6.735099E-1
8.450000E1	5.730708E-1	-6.732659E-1
8.460000E1	5.724833E-1	-6.756009E-1
8.470000E1	5.759985E-1	-6.756810E-1
8.480000E1	5.800273E-1	-6.757435E-1
8.490000E1	5.812833E-1	-6.740114E-1
8.500000E1	5.796256E-1	-6.737332E-1
8.510000E1	5.768131E-1	-6.739975E-1
8.520000E1	5.741384E-1	-6.734847E-1
8.530000E1	5.746648E-1	-6.738202E-1
8.540000E1	5.729938E-1	-6.753099E-1
8.550000E1	5.722186E-1	-6.775362E-1
8.560000E1	5.709613E-1	-6.764958E-1
8.570000E1	5.724578E-1	-6.734731E-1
8.580000E1	5.718886E-1	-6.740274E-1
8.590000E1	5.704455E-1	-6.741382E-1
8.600000E1	5.709175E-1	-6.749689E-1
8.610000E1	5.704653E-1	-6.774381E-1
8.620000E1	5.703760E-1	-6.766657E-1
8.630000E1	5.705187E-1	-6.758598E-1
8.640000E1	5.701476E-1	-6.730045E-1
8.650000E1	5.694681E-1	-6.736537E-1
8.660000E1	5.707905E-1	-6.766114E-1
8.670000E1	5.686446E-1	-6.751179E-1
8.680000E1	5.679042E-1	-6.735929E-1
8.690000E1	5.704870E-1	-6.732620E-1
8.700000E1	5.689281E-1	-6.703133E-1
8.710000E1	5.703862E-1	-6.709736E-1
8.720000E1	5.703094E-1	-6.717567E-1
8.730000E1	5.702755E-1	-6.723193E-1
8.740000E1	5.728648E-1	-6.702266E-1
8.750000E1	5.719536E-1	-6.688631E-1
8.760000E1	5.742176E-1	-6.713512E-1
8.770000E1	5.745238E-1	-6.732545E-1
8.780000E1	5.752508E-1	-6.714958E-1
8.790000E1	5.726778E-1	-6.720944E-1
8.800000E1	5.735871E-1	-6.733741E-1
8.810000E1	5.744973E-1	-6.744369E-1
8.820000E1	5.739592E-1	-6.749084E-1
8.830000E1	5.740619E-1	-6.747140E-1
8.840000E1	5.763520E-1	-6.735126E-1
8.850000E1	5.783607E-1	-6.739410E-1
8.860000E1	5.791623E-1	-6.735293E-1
8.870000E1	5.786908E-1	-6.716736E-1
8.880000E1	5.766937E-1	-6.725705E-1
8.890000E1	5.775954E-1	-6.713657E-1
8.900000E1	5.762021E-1	-6.716509E-1
8.910000E1	5.776289E-1	-6.724380E-1
8.920000E1	5.765392E-1	-6.732949E-1
8.930000E1	5.757352E-1	-6.722223E-1
8.940000E1	5.770170E-1	-6.714392E-1
8.950000E1	5.733579E-1	-6.721037E-1
8.960000E1	5.709582E-1	-6.730177E-1
8.970000E1	5.702528E-1	-6.721148E-1
8.980000E1	5.686909E-1	-6.724500E-1
8.990000E1	5.668709E-1	-6.749076E-1
9.000000E1	5.668531E-1	-6.731138E-1
9.010000E1	5.676318E-1	-6.713318E-1
9.020000E1	5.661658E-1	-6.686801E-1
9.030000E1	5.659714E-1	-6.717158E-1
9.040000E1	5.669019E-1	-6.739775E-1
9.050000E1	5.643174E-1	-6.764564E-1
9.060000E1	5.662850E-1	-6.764872E-1
9.070000E1	5.662592E-1	-6.740742E-1
9.080000E1	5.663770E-1	-6.758917E-1
9.090000E1	5.663958E-1	-6.764056E-1
9.100000E1	5.665102E-1	-6.768804E-1
9.110000E1	5.604671E-1	-6.765999E-1
9.120000E1	5.601408E-1	-6.774274E-1
9.130000E1	5.574746E-1	-6.785273E-1
9.140000E1	5.575030E-1	-6.776969E-1
9.150000E1	5.584629E-1	-6.763705E-1
9.160000E1	5.576855E-1	-6.767776E-1
9.170000E1	5.601554E-1	-6.791485E-1
9.180000E1	5.598051E-1	-6.772560E-1
9.190000E1	5.597634E-1	-6.804359E-1
9.200000E1	5.588633E-1	-6.784233E-1
9.210000E1	5.628248E-1	-6.804431E-1
9.220000E1	5.618773E-1	-6.820229E-1
9.230000E1	5.612605E-1	-6.837324E-1
9.240000E1	5.614607E-1	-6.844710E-1
9.250000E1	5.602646E-1	-6.864967E-1
9.260000E1	5.588255E-1	-6.871440E-1
9.270000E1	5.575741E-1	-6.856272E-1
9.280000E1	5.582362E-1	-6.868692E-1
9.290000E1	5.595106E-1	-6.889378E-1
9.300000E1	5.593272E-1	-6.864421E-1
9.310000E1	5.576578E-1	-6.847983E-1
9.320000E1	5.569103E-1	-6.859771E-1
9.330000E1	5.561593E-1	-6.834572E-1
9.340000E1	5.555648E-1	-6.832902E-1
9.350000E1	5.544274E-1	-6.840584E-1
9.360000E1	5.561318E-1	-6.836198E-1
9.370000E1	5.582357E-1	-6.862324E-1
9.380000E1	5.545867E-1	-6.834548E-1
9.390000E1	5.540797E-1	-6.825317E-1
9.400000E1	5.535984E-1	-6.829572E-1
9.410000E1	5.538115E-1	-6.813704E-1
9.420000E1	5.551511E-1	-6.812811E-1
9.430000E1	5.560271E-1	-6.768977E-1
9.440000E1	5.584413E-1	-6.757095E-1
9.450000E1	5.603384E-1	-6.736417E-1
9.460000E1	5.593259E-1	-6.732868E-1
9.470000E1	5.604818E-1	-6.718579E-1
9.480000E1	5.629057E-1	-6.741462E-1
9.490000E1	5.664282E-1	-6.727902E-1
9.500000E1	5.657271E-1	-6.754613E-1
9.510000E1	5.659460E-1	-6.787384E-1
9.520000E1	5.660439E-1	-6.781925E-1
9.530000E1	5.643789E-1	-6.782772E-1
9.540000E1	5.623377E-1	-6.783848E-1
9.550000E1	5.615463E-1	-6.783867E-1
9.560000E1	5.615626E-1	-6.786369E-1
9.570000E1	5.622403E-1	-6.808811E-1
9.580000E1	5.645490E-1	-6.810545E-1
9.590000E1	5.657550E-1	-6.795997E-1
9.600000E1	5.650446E-1	-6.783277E-1
9.610000E1	5.653503E-1	-6.760873E-1
9.620000E1	5.647842E-1	-6.762386E-1
9.630000E1	5.648717E-1	-6.775646E-1
9.640000E1	5.647999E-1	-6.753061E-1
9.650000E1	5.660795E-1	-6.770824E-1
9.660000E1	5.655419E-1	-6.767132E-1
9.670000E1	5.633839E-1	-6.756975E-1
9.680000E1	5.664044E-1	-6.759536E-1
9.690000E1	5.672491E-1	-6.757650E-1
9.700000E1	5.664612E-1	-6.767679E-1
9.710000E1	5.668326E-1	-6.749434E-1
9.720000E1	5.667463E-1	-6.759412E-1
9.730000E1	5.662939E-1	-6.741910E-1
9.740000E1	5.664933E-1	-6.754940E-1
9.750000E1	5.666507E-1	-6.756697E-1
9.760000E1	5.683312E-1	-6.753812E-1
9.770000E1	5.678588E-1	-6.728889E-1
9.780000E1	5.676375E-1	-6.689791E-1
9.790000E1	5.689149E-1	-6.683492E-1
9.800000E1	5.698357E-1	-6.711993E-1
9.810000E1	5.686159E-1	-6.745347E-1
9.820000E1	5.668070E-1	-6.740509E-1
9.830000E1	5.612233E-1	-6.777463E-1
9.840000E1	5.607027E-1	-6.792503E-1
9.850000E1	5.598096E-1	-6.759164E-1
9.860000E1	5.589615E-1	-6.744082E-1
9.870000E1	5.572591E-1	-6.746325E-1
9.880000E1	5.583609E-1	-6.759918E-1
9.890000E1	5.549494E-1	-6.731938E-1
9.900000E1	5.544519E-1	-6.736380E-1
9.910000E1	5.535946E-1	-6.743976E-1
9.920000E1	5.560150E-1	-6.746850E-1
9.930000E1	5.578629E-1	-6.710386E-1
9.940000E1	5.580078E-1	-6.706624E-1
9.950000E1	5.557002E-1	-6.729075E-1
9.960000E1	5.556541E-1	-6.738158E-1
9.970000E1	5.546391E-1	-6.751785E-1
9.980000E1	5.547334E-1	-6.735661E-1
9.990000E1	5.555081E-1	-6.717884E-1
1.000000E2	5.550076E-1	-6.713646E-1
1.001000E2	5.549124E-1	-6.743289E-1
1.002000E2	5.575449E-1	-6.724198E-1
1.003000E2	5.596117E-1	-6.723106E-1
1.004000E2	5.608599E-1	-6.729274E-1
1.005000E2	5.612127E-1	-6.737790E-1
1.006000E2	5.593054E-1	-6.736557E-1
1.007000E2	5.601470E-1	-6.724129E-1
1.008000E2	5.590427E-1	-6.715752E-1
1.009000E2	5.553278E-1	-6.732812E-1
1.010000E2	5.535567E-1	-6.751030E-1
1.011000E2	5.546564E-1	-6.747100E-1
1.012000E2	5.547703E-1	-6.763023E-1
1.013000E2	5.537516E-1	-6.743481E-1
1.014000E2	5.534767E-1	-6.731122E-1
1.015000E2	5.538142E-1	-6.729825E-1
1.016000E2	5.523915E-1	-6.746449E-1
1.017000E2	5.531614E-1	-6.743645E-1
1.018000E2	5.549351E-1	-6.764889E-1
1.019000E2	5.547631E-1	-6.765039E-1
1.020000E2	5.549691E-1	-6.729302E-1
1.021000E2	5.531637E-1	-6.732272E-1
1.022000E2	5.533447E-1	-6.691011E-1
1.023000E2	5.540868E-1	-6.684350E-1
1.024000E2	5.534112E-1	-6.682625E-1
1.025000E2	5.541913E-1	-6.667301E-1
1.026000E2	5.533296E-1	-6.681315E-1
1.027000E2	5.529072E-1	-6.668656E-1
1.028000E2	5.502139E-1	-6.687675E-1
1.029000E2	5.484469E-1	-6.693815E-1
1.030000E2	5.489684E-1	-6.697804E-1
1.031000E2	5.491099E-1	-6.711343E-1
1.032000E2	5.502078E-1	-6.729530E-1
1.033000E2	5.481350E-1	-6.721673E-1
1.034000E2	5.487888E-1	-6.695123E-1
1.035000E2	5.478733E-1	-6.683147E-1
1.036000E2	5.471508E-1	-6.690138E-1
1.037000E2	5.463318E-1	-6.693289E-1
1.038000E2	5.472899E-1	-6.691054E-1
1.039000E2	5.487401E-1	-6.686966E-1
1.040000E2	5.482576E-1	-6.690939E-1
1.041000E2	5.490308E-1	-6.719303E-1
1.042000E2	5.508207E-1	-6.714487E-1
1.043000E2	5.521167E-1	-6.710530E-1
1.044000E2	5.514700E-1	-6.684407E-1
1.045000E2	5.490010E-1	-6.647961E-1
1.046000E2	5.529536E-1	-6.663171E-1
1.047000E2	5.523818E-1	-6.666873E-1
1.048000E2	5.547726E-1	-6.653529E-1
1.049000E2	5.553271E-1	-6.655345E-1
1.050000E2	5.545285E-1	-6.649904E-1
1.051000E2	5.554378E-1	-6.649901E-1
1.052000E2	5.564368E-1	-6.663094E-1
1.053000E2	5.555252E-1	-6.710778E-1
1.054000E2	5.589716E-1	-6.697305E-1
1.055000E2	5.582094E-1	-6.682859E-1
1.056000E2	5.591874E-1	-6.691370E-1
1.057000E2	5.576422E-1	-6.690876E-1
1.058000E2	5.540704E-1	-6.672940E-1
1.059000E2	5.546510E-1	-6.652278E-1
1.060000E2	5.531930E-1	-6.645298E-1
1.061000E2	5.519771E-1	-6.627928E-1
1.062000E2	5.531545E-1	-6.592725E-1
1.063000E2	5.526723E-1	-6.579652E-1
1.064000E2	5.521687E-1	-6.567327E-1
1.065000E2	5.520903E-1	-6.576284E-1
1.066000E2	5.518601E-1	-6.569031E-1
1.067000E2	5.489729E-1	-6.580229E-1
1.068000E2	5.494278E-1	-6.583500E-1
1.069000E2	5.511891E-1	-6.605166E-1
1.070000E2	5.499293E-1	-6.588280E-1
1.071000E2	5.529922E-1	-6.584829E-1
1.072000E2	5.486481E-1	-6.592444E-1
1.073000E2	5.476765E-1	-6.612120E-1
1.074000E2	5.461731E-1	-6.620168E-1
1.075000E2	5.463095E-1	-6.620160E-1
1.076000E2	5.484210E-1	-6.619923E-1
1.077000E2	5.487337E-1	-6.642543E-1
1.078000E2	5.474181E-1	-6.641057E-1
1.079000E2	5.480676E-1	-6.654661E-1
1.080000E2	5.500203E-1	-6.685774E-1
1.081000E2	5.532468E-1	-6.714837E-1
1.082000E2	5.518484E-1	-6.699072E-1
1.083000E2	5.505255E-1	-6.689326E-1
1.084000E2	5.520299E-1	-6.657847E-1
1.085000E2	5.528675E-1	-6.641990E-1
1.086000E2	5.540712E-1	-6.639241E-1
1.087000E2	5.543895E-1	-6.630141E-1
1.088000E2	5.563082E-1	-6.606691E-1
1.089000E2	5.583266E-1	-6.600187E-1
1.090000E2	5.596447E-1	-6.607754E-1
1.091000E2	5.565430E-1	-6.573496E-1
1.092000E2	5.538527E-1	-6.582152E-1
1.093000E2	5.544788E-1	-6.582426E-1
1.094000E2	5.588245E-1	-6.601845E-1
1.095000E2	5.569934E-1	-6.589564E-1
1.096000E2	5.565365E-1	-6.613308E-1
1.097000E2	5.552151E-1	-6.640414E-1
1.098000E2	5.539593E-1	-6.643398E-1
1.099000E2	5.536239E-1	-6.651578E-1
1.100000E2	5.513441E-1	-6.659523E-1
1.101000E2	5.532252E-1	-6.644412E-1
1.102000E2	5.535710E-1	-6.646444E-1
1.103000E2	5.530719E-1	-6.647848E-1
1.104000E2	5.533198E-1	-6.651399E-1
1.105000E2	5.533828E-1	-6.655626E-1
1.106000E2	5.542169E-1	-6.680812E-1
1.107000E2	5.529987E-1	-6.669791E-1
1.108000E2	5.530018E-1	-6.685159E-1
1.109000E2	5.523186E-1	-6.694195E-1
1.110000E2	5.536187E-1	-6.698239E-1
1.111000E2	5.559783E-1	-6.681322E-1
1.112000E2	5.547733E-1	-6.703892E-1
1.113000E2	5.550600E-1	-6.715888E-1
1.114000E2	5.539510E-1	-6.719984E-1
1.115000E2	5.518550E-1	-6.732939E-1
1.116000E2	5.496079E-1	-6.742185E-1
1.117000E2	5.480441E-1	-6.738385E-1
1.118000E2	5.475907E-1	-6.726595E-1
1.119000E2	5.490570E-1	-6.725620E-1
1.120000E2	5.490952E-1	-6.745085E-1
1.121000E2	5.490728E-1	-6.713750E-1
1.122000E2	5.506548E-1	-6.697311E-1
1.123000E2	5.513227E-1	-6.661116E-1
1.124000E2	5.543469E-1	-6.662885E-1
1.125000E2	5.558926E-1	-6.675445E-1
1.126000E2	5.579510E-1	-6.658536E-1
1.127000E2	5.584217E-1	-6.656152E-1
1.128000E2	5.586037E-1	-6.676600E-1
1.129000E2	5.615958E-1	-6.688537E-1
1.130000E2	5.610601E-1	-6.705856E-1
1.131000E2	5.620157E-1	-6.707543E-1
1.132000E2	5.611924E-1	-6.723702E-1
1.133000E2	5.627463E-1	-6.704458E-1
1.134000E2	5.614334E-1	-6.703391E-1
1.135000E2	5.627035E-1	-6.717720E-1
1.136000E2	5.619728E-1	-6.750032E-1
1.137000E2	5.619352E-1	-6.725789E-1
1.138000E2	5.628438E-1	-6.724046E-1
1.139000E2	5.669988E-1	-6.706341E-1
1.140000E2	5.658286E-1	-6.720412E-1
1.141000E2	5.625493E-1	-6.719731E-1
1.142000E2	5.608728E-1	-6.679089E-1
1.143000E2	5.610432E-1	-6.699640E-1
1.144000E2	5.601631E-1	-6.685509E-1
1.145000E2	5.558335E-1	-6.707600E-1
1.146000E2	5.544900E-1	-6.709055E-1
1.147000E2	5.603221E-1	-6.731711E-1
1.148000E2	5.600767E-1	-6.706532E-1
1.149000E2	5.587410E-1	-6.698585E-1
1.150000E2	5.599616E-1	-6.685630E-1
1.151000E2	5.595897E-1	-6.692328E-1
1.152000E2	5.589448E-1	-6.684917E-1
1.153000E2	5.587470E-1	-6.714496E-1
1.154000E2	5.615457E-1	-6.712345E-1
1.155000E2	5.619474E-1	-6.706887E-1
1.156000E2	5.601224E-1	-6.708067E-1
1.157000E2	5.555862E-1	-6.721122E-1
1.158000E2	5.546420E-1	-6.719966E-1
1.159000E2	5.557638E-1	-6.730138E-1
1.160000E2	5.553729E-1	-6.733289E-1
1.161000E2	5.539171E-1	-6.742909E-1
1.162000E2	5.546641E-1	-6.716517E-1
1.163000E2	5.536975E-1	-6.704626E-1
1.164000E2	5.539206E-1	-6.700001E-1
1.165000E2	5.529411E-1	-6.692526E-1
1.166000E2	5.488091E-1	-6.693397E-1
1.167000E2	5.489201E-1	-6.678761E-1
1.168000E2	5.473735E-1	-6.697923E-1
1.169000E2	5.472853E-1	-6.696883E-1
1.170000E2	5.478209E-1	-6.694373E-1
1.171000E2	5.480070E-1	-6.719611E-1
1.172000E2	5.474792E-1	-6.724935E-1
1.173000E2	5.465470E-1	-6.722902E-1
1.174000E2	5.451616E-1	-6.737225E-1
1.175000E2	5.443906E-1	-6.730765E-1
1.176000E2	5.432979E-1	-6.753775E-1
1.177000E2	5.416055E-1	-6.729224E-1
1.178000E2	5.428537E-1	-6.722056E-1
1.179000E2	5.445384E-1	-6.707055E-1
1.180000E2	5.434142E-1	-6.714640E-1
1.181000E2	5.437142E-1	-6.721904E-1
1.182000E2	5.447497E-1	-6.721241E-1
1.183000E2	5.456513E-1	-6.723152E-1
1.184000E2	5.458520E-1	-6.720294E-1
1.185000E2	5.455988E-1	-6.714590E-1
1.186000E2	5.442268E-1	-6.716191E-1
1.187000E2	5.463766E-1	-6.728808E-1
1.188000E2	5.471913E-1	-6.723185E-1
1.189000E2	5.493873E-1	-6.712503E-1
1.190000E2	5.496672E-1	-6.717661E-1
1.191000E2	5.520345E-1	-6.681679E-1
1.192000E2	5.536269E-1	-6.679730E-1
1.193000E2	5.535975E-1	-6.687282E-1
1.194000E2	5.539261E-1	-6.694775E-1
1.195000E2	5.552874E-1	-6.670963E-1
1.196000E2	5.540835E-1	-6.668011E-1
1.197000E2	5.547317E-1	-6.644850E-1
1.198000E2	5.528325E-1	-6.648317E-1
1.199000E2	5.498120E-1	-6.623787E-1
1.200000E2	5.511080E-1	-6.622738E-1
1.201000E2	5.512168E-1	-6.608456E-1
1.202000E2	5.510721E-1	-6.609738E-1
1.203000E2	5.503275E-1	-6.635976E-1
1.204000E2	5.508700E-1	-6.626857E-1
1.205000E2	5.526604E-1	-6.611446E-1
1.206000E2	5.532972E-1	-6.596845E-1
1.207000E2	5.483297E-1	-6.644522E-1
1.208000E2	5.494908E-1	-6.647985E-1
1.209000E2	5.472474E-1	-6.681519E-1
1.210000E2	5.482468E-1	-6.693118E-1
1.211000E2	5.491588E-1	-6.687555E-1
1.212000E2	5.508323E-1	-6.704482E-1
1.213000E2	5.521474E-1	-6.665784E-1
1.214000E2	5.523120E-1	-6.680647E-1
1.215000E2	5.499083E-1	-6.666827E-1
1.216000E2	5.519152E-1	-6.668973E-1
1.217000E2	5.534889E-1	-6.659940E-1
1.218000E2	5.535983E-1	-6.644182E-1
1.219000E2	5.556769E-1	-6.638190E-1
1.220000E2	5.572081E-1	-6.603615E-1
1.221000E2	5.586782E-1	-6.571987E-1
1.222000E2	5.585161E-1	-6.601395E-1
1.223000E2	5.592760E-1	-6.592622E-1
1.224000E2	5.587995E-1	-6.617097E-1
1.225000E2	5.591025E-1	-6.606976E-1
1.226000E2	5.621319E-1	-6.612988E-1
1.227000E2	5.614361E-1	-6.615199E-1
1.228000E2	5.634762E-1	-6.618410E-1
1.229000E2	5.615298E-1	-6.614113E-1
1.230000E2	5.605119E-1	-6.607740E-1
1.231000E2	5.621703E-1	-6.617271E-1
1.232000E2	5.612349E-1	-6.628587E-1
1.233000E2	5.612544E-1	-6.621913E-1
1.234000E2	5.636414E-1	-6.624485E-1
1.235000E2	5.659586E-1	-6.632772E-1
1.236000E2	5.694368E-1	-6.642705E-1
1.237000E2	5.695527E-1	-6.658308E-1
1.238000E2	5.682923E-1	-6.655768E-1
1.239000E2	5.678514E-1	-6.660996E-1
1.240000E2	5.685589E-1	-6.676549E-1
1.241000E2	5.693730E-1	-6.671722E-1
1.242000E2	5.678916E-1	-6.688318E-1
1.243000E2	5.686850E-1	-6.691459E-1
1.244000E2	5.683599E-1	-6.664071E-1
1.245000E2	5.698799E-1	-6.651942E-1
1.246000E2	5.685082E-1	-6.665521E-1
1.247000E2	5.667540E-1	-6.675104E-1
1.248000E2	5.677880E-1	-6.681340E-1
1.249000E2	5.669024E-1	-6.661653E-1
1.250000E2	5.696530E-1	-6.705316E-1
1.251000E2	5.688594E-1	-6.669066E-1
1.252000E2	5.671662E-1	-6.677819E-1
1.253000E2	5.642460E-1	-6.682348E-1
1.254000E2	5.636121E-1	-6.677380E-1
1.255000E2	5.643032E-1	-6.670838E-1
1.256000E2	5.652973E-1	-6.683850E-1
1.257000E2	5.650126E-1	-6.677546E-1
1.258000E2	5.672495E-1	-6.668624E-1
1.259000E2	5.667701E-1	-6.684714E-1
1.260000E2	5.672682E-1	-6.644192E-1
1.261000E2	5.674293E-1	-6.625528E-1
1.262000E2	5.674996E-1	-6.612600E-1
1.263000E2	5.718132E-1	-6.633410E-1
1.264000E2	5.706274E-1	-6.667135E-1
1.265000E2	5.703864E-1	-6.679243E-1
1.266000E2	5.720765E-1	-6.730652E-1
1.267000E2	5.727201E-1	-6.716611E-1
1.268000E2	5.727056E-1	-6.705360E-1
1.269000E2	5.725169E-1	-6.702654E-1
1.270000E2	5.740582E-1	-6.698381E-1
1.271000E2	5.753956E-1	-6.699643E-1
1.272000E2	5.743769E-1	-6.691240E-1
1.273000E2	5.723294E-1	-6.710395E-1
1.274000E2	5.727837E-1	-6.718462E-1
1.275000E2	5.766035E-1	-6.701251E-1
1.276000E2	5.768963E-1	-6.661337E-1
1.277000E2	5.740856E-1	-6.678775E-1
1.278000E2	5.769246E-1	-6.677665E-1
1.279000E2	5.789725E-1	-6.647802E-1
1.280000E2	5.791091E-1	-6.648072E-1
1.281000E2	5.787686E-1	-6.669110E-1
1.282000E2	5.778629E-1	-6.663408E-1
1.283000E2	5.799523E-1	-6.656821E-1
1.284000E2	5.820727E-1	-6.651624E-1
1.285000E2	5.789574E-1	-6.620338E-1
1.286000E2	5.767162E-1	-6.602830E-1
1.287000E2	5.747130E-1	-6.586563E-1
1.288000E2	5.715679E-1	-6.582013E-1
1.289000E2	5.734731E-1	-6.594864E-1
1.290000E2	5.763074E-1	-6.583714E-1
1.291000E2	5.773602E-1	-6.597793E-1
1.292000E2	5.781424E-1	-6.583124E-1
1.293000E2	5.822287E-1	-6.550641E-1
1.294000E2	5.842853E-1	-6.534216E-1
1.295000E2	5.854127E-1	-6.535723E-1
1.296000E2	5.875003E-1	-6.552323E-1
1.297000E2	5.889820E-1	-6.533355E-1
1.298000E2	5.912852E-1	-6.544538E-1
1.299000E2	5.896920E-1	-6.585935E-1
1.300000E2	5.906145E-1	-6.589552E-1
1.301000E2	5.910887E-1	-6.594647E-1
1.302000E2	5.922455E-1	-6.607845E-1
1.303000E2	5.911355E-1	-6.623864E-1
1.304000E2	5.915406E-1	-6.628784E-1
1.305000E2	5.967697E-1	-6.657191E-1
1.306000E2	5.994384E-1	-6.657446E-1
1.307000E2	5.977188E-1	-6.663470E-1
1.308000E2	5.979866E-1	-6.663883E-1
1.309000E2	5.942675E-1	-6.661600E-1
1.310000E2	5.943547E-1	-6.656578E-1
1.311000E2	5.895285E-1	-6.649934E-1
1.312000E2	5.898356E-1	-6.640815E-1
1.313000E2	5.897720E-1	-6.671040E-1
1.314000E2	5.899982E-1	-6.689393E-1
1.315000E2	5.855336E-1	-6.678626E-1
1.316000E2	5.873361E-1	-6.647810E-1
1.317000E2	5.869518E-1	-6.631306E-1
1.318000E2	5.902397E-1	-6.614174E-1
1.319000E2	5.916135E-1	-6.607782E-1
1.320000E2	5.920607E-1	-6.584173E-1
1.321000E2	5.899338E-1	-6.550217E-1
1.322000E2	5.880378E-1	-6.566743E-1
1.323000E2	5.852797E-1	-6.582587E-1
1.324000E2	5.856954E-1	-6.585175E-1
1.325000E2	5.861985E-1	-6.616819E-1
1.326000E2	5.860417E-1	-6.624664E-1
1.327000E2	5.860195E-1	-6.618662E-1
1.328000E2	5.863175E-1	-6.636711E-1
1.329000E2	5.872491E-1	-6.626935E-1
1.330000E2	5.906585E-1	-6.604004E-1
1.331000E2	5.907103E-1	-6.609195E-1
1.332000E2	5.921793E-1	-6.607670E-1
1.333000E2	5.925924E-1	-6.606849E-1
1.334000E2	5.900238E-1	-6.654603E-1
1.335000E2	5.868400E-1	-6.667547E-1
1.336000E2	5.871480E-1	-6.655489E-1
1.337000E2	5.888326E-1	-6.658766E-1
1.338000E2	5.888973E-1	-6.664835E-1
1.339000E2	5.861134E-1	-6.650445E-1
1.340000E2	5.861321E-1	-6.637283E-1
1.341000E2	5.871591E-1	-6.609495E-1
1.342000E2	5.876796E-1	-6.610928E-1
1.343000E2	5.902637E-1	-6.618761E-1
1.344000E2	5.887695E-1	-6.641775E-1
1.345000E2	5.873517E-1	-6.635869E-1
1.346000E2	5.889860E-1	-6.647180E-1
1.347000E2	5.895435E-1	-6.620058E-1
1.348000E2	5.890063E-1	-6.629240E-1
1.349000E2	5.890256E-1	-6.656599E-1
1.350000E2	5.893639E-1	-6.660582E-1
1.351000E2	5.889378E-1	-6.667901E-1
1.352000E2	5.898873E-1	-6.667762E-1
1.353000E2	5.891585E-1	-6.684548E-1
1.354000E2	5.879456E-1	-6.665966E-1
1.355000E2	5.887345E-1	-6.672083E-1
1.356000E2	5.880089E-1	-6.658202E-1
1.357000E2	5.893569E-1	-6.629685E-1
1.358000E2	5.890469E-1	-6.605069E-1
1.359000E2	5.868223E-1	-6.577277E-1
1.360000E2	5.860511E-1	-6.582443E-1
1.361000E2	5.868202E-1	-6.578505E-1
1.362000E2	5.860059E-1	-6.588191E-1
1.363000E2	5.857566E-1	-6.592107E-1
1.364000E2	5.817302E-1	-6.572295E-1
1.365000E2	5.813480E-1	-6.575114E-1
1.366000E2	5.812211E-1	-6.578800E-1
1.367000E2	5.798132E-1	-6.593878E-1
1.368000E2	5.767120E-1	-6.588526E-1
1.369000E2	5.746278E-1	-6.582276E-1
1.370000E2	5.762797E-1	-6.589693E-1
1.371000E2	5.767571E-1	-6.563843E-1
1.372000E2	5.763903E-1	-6.565675E-1
1.373000E2	5.779074E-1	-6.530080E-1
1.374000E2	5.788132E-1	-6.484562E-1
1.375000E2	5.784113E-1	-6.486652E-1
1.376000E2	5.795872E-1	-6.500331E-1
1.377000E2	5.766498E-1	-6.486542E-1
1.378000E2	5.787875E-1	-6.494060E-1
1.379000E2	5.780184E-1	-6.481108E-1
1.380000E2	5.763362E-1	-6.475230E-1
1.381000E2	5.790217E-1	-6.485629E-1
1.382000E2	5.787785E-1	-6.493039E-1
1.383000E2	5.786017E-1	-6.486702E-1
1.384000E2	5.758461E-1	-6.501572E-1
1.385000E2	5.742495E-1	-6.533163E-1
1.386000E2	5.760283E-1	-6.535735E-1
1.387000E2	5.767446E-1	-6.511634E-1
1.388000E2	5.762785E-1	-6.504926E-1
1.389000E2	5.761254E-1	-6.509963E-1
1.390000E2	5.763948E-1	-6.518232E-1
1.391000E2	5.740560E-1	-6.520990E-1
1.392000E2	5.735978E-1	-6.531550E-1
1.393000E2	5.715709E-1	-6.555860E-1
1.394000E2	5.733722E-1	-6.565111E-1
1.395000E2	5.733001E-1	-6.561343E-1
1.396000E2	5.708225E-1	-6.560313E-1
1.397000E2	5.710225E-1	-6.557366E-1
1.398000E2	5.721029E-1	-6.552212E-1
1.399000E2	5.720479E-1	-6.555471E-1
1.400000E2	5.710083E-1	-6.539599E-1
1.401000E2	5.712063E-1	-6.510358E-1
1.402000E2	5.722650E-1	-6.511309E-1
1.403000E2	5.732424E-1	-6.499016E-1
1.404000E2	5.731169E-1	-6.475448E-1
1.405000E2	5.729849E-1	-6.460349E-1
1.406000E2	5.718580E-1	-6.475183E-1
1.407000E2	5.701773E-1	-6.456667E-1
1.408000E2	5.696679E-1	-6.436160E-1
1.409000E2	5.699240E-1	-6.427064E-1
1.410000E2	5.673197E-1	-6.432809E-1
1.411000E2	5.657598E-1	-6.396556E-1
1.412000E2	5.644569E-1	-6.389075E-1
1.413000E2	5.659264E-1	-6.367824E-1
1.414000E2	5.668089E-1	-6.407800E-1
1.415000E2	5.661807E-1	-6.380947E-1
1.416000E2	5.649354E-1	-6.342111E-1
1.417000E2	5.649526E-1	-6.335542E-1
1.418000E2	5.647760E-1	-6.313523E-1
1.419000E2	5.654458E-1	-6.276801E-1
1.420000E2	5.653558E-1	-6.270620E-1
1.421000E2	5.650750E-1	-6.293422E-1
1.422000E2	5.649085E-1	-6.306386E-1
1.423000E2	5.642337E-1	-6.272473E-1
1.424000E2	5.634755E-1	-6.280956E-1
1.425000E2	5.629366E-1	-6.244091E-1
1.426000E2	5.638898E-1	-6.211579E-1
1.427000E2	5.640798E-1	-6.207265E-1
1.428000E2	5.627615E-1	-6.212798E-1
1.429000E2	5.654111E-1	-6.217732E-1
1.430000E2	5.664906E-1	-6.225955E-1
1.431000E2	5.676954E-1	-6.224960E-1
1.432000E2	5.662182E-1	-6.229917E-1
1.433000E2	5.683772E-1	-6.248974E-1
1.434000E2	5.700152E-1	-6.235648E-1
1.435000E2	5.701068E-1	-6.218063E-1
1.436000E2	5.705662E-1	-6.215540E-1
1.437000E2	5.723634E-1	-6.200363E-1
1.438000E2	5.713927E-1	-6.221580E-1
1.439000E2	5.687353E-1	-6.227842E-1
1.440000E2	5.670079E-1	-6.222487E-1
1.441000E2	5.669953E-1	-6.197617E-1
1.442000E2	5.667949E-1	-6.206143E-1
1.443000E2	5.694088E-1	-6.217974E-1
1.444000E2	5.691683E-1	-6.242735E-1
1.445000E2	5.689006E-1	-6.220329E-1
1.446000E2	5.693953E-1	-6.214436E-1
1.447000E2	5.715241E-1	-6.248260E-1
1.448000E2	5.740861E-1	-6.222950E-1
1.449000E2	5.772514E-1	-6.223436E-1
1.450000E2	5.748097E-1	-6.224659E-1
1.451000E2	5.739409E-1	-6.251746E-1
1.452000E2	5.756946E-1	-6.282402E-1
1.453000E2	5.743034E-1	-6.272894E-1
1.454000E2	5.733382E-1	-6.241814E-1
1.455000E2	5.747186E-1	-6.237209E-1
1.456000E2	5.767702E-1	-6.251731E-1
1.457000E2	5.787218E-1	-6.267683E-1
1.458000E2	5.777645E-1	-6.252934E-1
1.459000E2	5.791728E-1	-6.272015E-1
1.460000E2	5.830621E-1	-6.279821E-1
1.461000E2	5.841878E-1	-6.299246E-1
1.462000E2	5.815801E-1	-6.297521E-1
1.463000E2	5.817392E-1	-6.318816E-1
1.464000E2	5.800422E-1	-6.340795E-1
1.465000E2	5.786464E-1	-6.324232E-1
1.466000E2	5.753108E-1	-6.322547E-1
1.467000E2	5.767990E-1	-6.335669E-1
1.468000E2	5.776502E-1	-6.338371E-1
1.469000E2	5.764738E-1	-6.337359E-1
1.470000E2	5.750132E-1	-6.320595E-1
1.471000E2	5.783730E-1	-6.343283E-1
1.472000E2	5.777101E-1	-6.334337E-1
1.473000E2	5.771332E-1	-6.333583E-1
1.474000E2	5.783072E-1	-6.325820E-1
1.475000E2	5.763516E-1	-6.321240E-1
1.476000E2	5.740860E-1	-6.342054E-1
1.477000E2	5.731403E-1	-6.308627E-1
1.478000E2	5.745694E-1	-6.292015E-1
1.479000E2	5.730240E-1	-6.274753E-1
1.480000E2	5.748525E-1	-6.255369E-1
1.481000E2	5.793151E-1	-6.262575E-1
1.482000E2	5.783139E-1	-6.242860E-1
1.483000E2	5.785509E-1	-6.243108E-1
1.484000E2	5.795251E-1	-6.249614E-1
1.485000E2	5.779096E-1	-6.271825E-1
1.486000E2	5.760475E-1	-6.290024E-1
1.487000E2	5.780721E-1	-6.291724E-1
1.488000E2	5.767871E-1	-6.308109E-1
1.489000E2	5.763758E-1	-6.307463E-1
1.490000E2	5.731652E-1	-6.308694E-1
1.491000E2	5.722260E-1	-6.306475E-1
1.492000E2	5.715450E-1	-6.274706E-1
1.493000E2	5.723752E-1	-6.278185E-1
1.494000E2	5.736108E-1	-6.274802E-1
1.495000E2	5.735212E-1	-6.272502E-1
1.496000E2	5.732556E-1	-6.276618E-1
1.497000E2	5.734321E-1	-6.262845E-1
1.498000E2	5.746725E-1	-6.283834E-1
1.499000E2	5.762159E-1	-6.285843E-1
1.500000E2	5.792791E-1	-6.313488E-1
1.501000E2	5.791708E-1	-6.329139E-1
1.502000E2	5.799010E-1	-6.323411E-1
1.503000E2	5.797401E-1	-6.323510E-1
1.504000E2	5.796433E-1	-6.305746E-1
1.505000E2	5.800533E-1	-6.301357E-1
1.506000E2	5.807241E-1	-6.298217E-1
1.507000E2	5.811334E-1	-6.290761E-1
1.508000E2	5.788837E-1	-6.263177E-1
1.509000E2	5.792441E-1	-6.274939E-1
1.510000E2	5.790113E-1	-6.279896E-1
1.511000E2	5.795805E-1	-6.261827E-1
1.512000E2	5.768061E-1	-6.271717E-1
1.513000E2	5.789074E-1	-6.295050E-1
1.514000E2	5.803911E-1	-6.275021E-1
1.515000E2	5.799194E-1	-6.265770E-1
1.516000E2	5.797891E-1	-6.285427E-1
1.517000E2	5.791511E-1	-6.304505E-1
1.518000E2	5.805775E-1	-6.313586E-1
1.519000E2	5.806544E-1	-6.330208E-1
1.520000E2	5.813403E-1	-6.320344E-1
1.521000E2	5.833070E-1	-6.320650E-1
1.522000E2	5.843523E-1	-6.307863E-1
1.523000E2	5.838674E-1	-6.293795E-1
1.524000E2	5.839867E-1	-6.307779E-1
1.525000E2	5.831521E-1	-6.311981E-1
1.526000E2	5.816102E-1	-6.306878E-1
1.527000E2	5.841060E-1	-6.318435E-1
1.528000E2	5.835352E-1	-6.316398E-1
1.529000E2	5.833274E-1	-6.322500E-1
1.530000E2	5.845798E-1	-6.309078E-1
1.531000E2	5.851060E-1	-6.310486E-1
1.532000E2	5.858027E-1	-6.298994E-1
1.533000E2	5.852674E-1	-6.299288E-1
1.534000E2	5.860393E-1	-6.310935E-1
1.535000E2	5.849896E-1	-6.319753E-1
1.536000E2	5.826072E-1	-6.311543E-1
1.537000E2	5.825859E-1	-6.353748E-1
1.538000E2	5.839233E-1	-6.381580E-1
1.539000E2	5.835158E-1	-6.398603E-1
1.540000E2	5.836181E-1	-6.396258E-1
1.541000E2	5.840259E-1	-6.383657E-1
1.542000E2	5.855270E-1	-6.379402E-1
1.543000E2	5.843915E-1	-6.363243E-1
1.544000E2	5.854011E-1	-6.366177E-1
1.545000E2	5.862039E-1	-6.377077E-1
1.546000E2	5.843341E-1	-6.379699E-1
1.547000E2	5.843025E-1	-6.360944E-1
1.548000E2	5.859136E-1	-6.353313E-1
1.549000E2	5.882415E-1	-6.352689E-1
1.550000E2	5.913871E-1	-6.346384E-1
1.551000E2	5.914099E-1	-6.327017E-1
1.552000E2	5.917100E-1	-6.325970E-1
1.553000E2	5.918445E-1	-6.332002E-1
1.554000E2	5.917871E-1	-6.324271E-1
1.555000E2	5.922029E-1	-6.326892E-1
1.556000E2	5.919998E-1	-6.319469E-1
1.557000E2	5.940375E-1	-6.332458E-1
1.558000E2	5.913039E-1	-6.317403E-1
1.559000E2	5.899965E-1	-6.326099E-1
1.560000E2	5.891957E-1	-6.327443E-1
1.561000E2	5.862464E-1	-6.298409E-1
1.562000E2	5.855462E-1	-6.287109E-1
1.563000E2	5.872036E-1	-6.278808E-1
1.564000E2	5.884809E-1	-6.277412E-1
1.565000E2	5.872281E-1	-6.290689E-1
1.566000E2	5.891466E-1	-6.281753E-1
1.567000E2	5.891401E-1	-6.271121E-1
1.568000E2	5.893013E-1	-6.257234E-1
1.569000E2	5.909034E-1	-6.248575E-1
1.570000E2	5.910652E-1	-6.251023E-1
1.571000E2	5.899262E-1	-6.244808E-1
1.572000E2	5.867783E-1	-6.240693E-1
1.573000E2	5.897853E-1	-6.258133E-1
1.574000E2	5.897865E-1	-6.250528E-1
1.575000E2	5.880852E-1	-6.262257E-1
1.576000E2	5.893903E-1	-6.279601E-1
1.577000E2	5.897243E-1	-6.298842E-1
1.578000E2	5.887790E-1	-6.305961E-1
1.579000E2	5.887737E-1	-6.310379E-1
1.580000E2	5.840535E-1	-6.302386E-1
1.581000E2	5.829159E-1	-6.297369E-1
1.582000E2	5.845663E-1	-6.314325E-1
1.583000E2	5.855588E-1	-6.330170E-1
1.584000E2	5.870830E-1	-6.351398E-1
1.585000E2	5.855100E-1	-6.329957E-1
1.586000E2	5.856993E-1	-6.347590E-1
1.587000E2	5.864794E-1	-6.320048E-1
1.588000E2	5.848677E-1	-6.325569E-1
1.589000E2	5.852500E-1	-6.323390E-1
1.590000E2	5.841466E-1	-6.348596E-1
1.591000E2	5.825305E-1	-6.365297E-1
1.592000E2	5.837635E-1	-6.368611E-1
1.593000E2	5.814064E-1	-6.340967E-1
1.594000E2	5.801195E-1	-6.343429E-1
1.595000E2	5.833276E-1	-6.350711E-1
1.596000E2	5.846219E-1	-6.338736E-1
1.597000E2	5.837075E-1	-6.326706E-1
1.598000E2	5.823875E-1	-6.350821E-1
1.599000E2	5.845763E-1	-6.330696E-1
1.600000E2	5.837145E-1	-6.321741E-1
1.601000E2	5.840855E-1	-6.318188E-1
1.602000E2	5.827452E-1	-6.338924E-1
1.603000E2	5.832713E-1	-6.346706E-1
1.604000E2	5.867444E-1	-6.336873E-1
1.605000E2	5.873532E-1	-6.333174E-1
1.606000E2	5.869871E-1	-6.328969E-1
1.607000E2	5.849556E-1	-6.310415E-1
1.608000E2	5.866846E-1	-6.298897E-1
1.609000E2	5.850370E-1	-6.289144E-1
1.610000E2	5.830345E-1	-6.264070E-1
1.611000E2	5.858912E-1	-6.251278E-1
1.612000E2	5.894721E-1	-6.264075E-1
1.613000E2	5.859106E-1	-6.270631E-1
1.614000E2	5.846127E-1	-6.293709E-1
1.615000E2	5.831400E-1	-6.301262E-1
1.616000E2	5.835699E-1	-6.295577E-1
1.617000E2	5.855574E-1	-6.288833E-1
1.618000E2	5.860006E-1	-6.266560E-1
1.619000E2	5.855006E-1	-6.267110E-1
1.620000E2	5.815707E-1	-6.245098E-1
1.621000E2	5.798584E-1	-6.253224E-1
1.622000E2	5.795752E-1	-6.232943E-1
1.623000E2	5.794500E-1	-6.239952E-1
1.624000E2	5.819329E-1	-6.249478E-1
1.625000E2	5.826866E-1	-6.265408E-1
1.626000E2	5.812278E-1	-6.288458E-1
1.627000E2	5.814261E-1	-6.265704E-1
1.628000E2	5.818308E-1	-6.257566E-1
1.629000E2	5.835073E-1	-6.275920E-1
1.630000E2	5.851490E-1	-6.299259E-1
1.631000E2	5.856869E-1	-6.303406E-1
1.632000E2	5.855546E-1	-6.311438E-1
1.633000E2	5.861209E-1	-6.342355E-1
1.634000E2	5.861766E-1	-6.356635E-1
1.635000E2	5.861399E-1	-6.364086E-1
1.636000E2	5.854224E-1	-6.377084E-1
1.637000E2	5.850795E-1	-6.385346E-1
1.638000E2	5.855020E-1	-6.382861E-1
1.639000E2	5.862367E-1	-6.357113E-1
1.640000E2	5.897629E-1	-6.332128E-1
1.641000E2	5.898561E-1	-6.323399E-1
1.642000E2	5.893096E-1	-6.297645E-1
1.643000E2	5.868930E-1	-6.293557E-1
1.644000E2	5.882117E-1	-6.300664E-1
1.645000E2	5.868492E-1	-6.347426E-1
1.646000E2	5.870857E-1	-6.350960E-1
1.647000E2	5.861336E-1	-6.345544E-1
1.648000E2	5.825103E-1	-6.349436E-1
1.649000E2	5.837240E-1	-6.366737E-1
1.650000E2	5.819233E-1	-6.374003E-1
1.651000E2	5.814939E-1	-6.355611E-1
1.652000E2	5.839672E-1	-6.343528E-1
1.653000E2	5.843990E-1	-6.350315E-1
1.654000E2	5.832653E-1	-6.330460E-1
1.655000E2	5.846258E-1	-6.337288E-1
1.656000E2	5.856939E-1	-6.312200E-1
1.657000E2	5.844834E-1	-6.329619E-1
1.658000E2	5.821606E-1	-6.335141E-1
1.659000E2	5.845249E-1	-6.362546E-1
1.660000E2	5.852169E-1	-6.386071E-1
1.661000E2	5.858974E-1	-6.400339E-1
1.662000E2	5.863155E-1	-6.413626E-1
1.663000E2	5.883964E-1	-6.443828E-1
1.664000E2	5.905722E-1	-6.433385E-1
1.665000E2	5.900407E-1	-6.429069E-1
1.666000E2	5.902543E-1	-6.451379E-1
1.667000E2	5.914063E-1	-6.471658E-1
1.668000E2	5.917075E-1	-6.489425E-1
1.669000E2	5.912888E-1	-6.513971E-1
1.670000E2	5.909943E-1	-6.494588E-1
1.671000E2	5.905870E-1	-6.511191E-1
1.672000E2	5.915587E-1	-6.491952E-1
1.673000E2	5.914873E-1	-6.502559E-1
1.674000E2	5.908051E-1	-6.469050E-1
1.675000E2	5.906799E-1	-6.479927E-1
1.676000E2	5.912014E-1	-6.488629E-1
1.677000E2	5.910159E-1	-6.475009E-1
1.678000E2	5.890833E-1	-6.500818E-1
1.679000E2	5.875024E-1	-6.508109E-1
1.680000E2	5.872723E-1	-6.500611E-1
1.681000E2	5.839647E-1	-6.523318E-1
1.682000E2	5.836518E-1	-6.522276E-1
1.683000E2	5.865812E-1	-6.522770E-1
1.684000E2	5.859035E-1	-6.515261E-1
1.685000E2	5.861435E-1	-6.546678E-1
1.686000E2	5.834285E-1	-6.555921E-1
1.687000E2	5.829053E-1	-6.579412E-1
1.688000E2	5.797332E-1	-6.559593E-1
1.689000E2	5.792077E-1	-6.570503E-1
1.690000E2	5.788766E-1	-6.595851E-1
1.691000E2	5.801894E-1	-6.600905E-1
1.692000E2	5.793073E-1	-6.610782E-1
1.693000E2	5.785522E-1	-6.591826E-1
1.694000E2	5.793540E-1	-6.619572E-1
1.695000E2	5.800024E-1	-6.627497E-1
1.696000E2	5.800486E-1	-6.635139E-1
1.697000E2	5.797388E-1	-6.624878E-1
1.698000E2	5.800610E-1	-6.602028E-1
1.699000E2	5.816607E-1	-6.592024E-1
1.700000E2	5.819518E-1	-6.558200E-1
1.701000E2	5.817071E-1	-6.544062E-1
1.702000E2	5.832454E-1	-6.570808E-1
1.703000E2	5.861531E-1	-6.598423E-1
1.704000E2	5.857635E-1	-6.578893E-1
1.705000E2	5.857942E-1	-6.572886E-1
1.706000E2	5.861394E-1	-6.541268E-1
1.707000E2	5.866622E-1	-6.531304E-1
1.708000E2	5.852057E-1	-6.499284E-1
1.709000E2	5.855514E-1	-6.524632E-1
1.710000E2	5.848069E-1	-6.520746E-1
1.711000E2	5.854106E-1	-6.502773E-1
1.712000E2	5.850268E-1	-6.501772E-1
1.713000E2	5.844746E-1	-6.494638E-1
1.714000E2	5.855151E-1	-6.479432E-1
1.715000E2	5.862959E-1	-6.469648E-1
1.716000E2	5.857590E-1	-6.469619E-1
1.717000E2	5.862041E-1	-6.453506E-1
1.718000E2	5.871320E-1	-6.444305E-1
1.719000E2	5.857540E-1	-6.446096E-1
1.720000E2	5.831260E-1	-6.462440E-1
1.721000E2	5.856878E-1	-6.450487E-1
1.722000E2	5.863610E-1	-6.429486E-1
1.723000E2	5.841551E-1	-6.421583E-1
1.724000E2	5.807800E-1	-6.417072E-1
1.725000E2	5.807536E-1	-6.427151E-1
1.726000E2	5.852493E-1	-6.425735E-1
1.727000E2	5.860808E-1	-6.396298E-1
1.728000E2	5.864436E-1	-6.392127E-1
1.729000E2	5.862480E-1	-6.398368E-1
1.730000E2	5.880872E-1	-6.402495E-1
1.731000E2	5.905048E-1	-6.402237E-1
1.732000E2	5.912580E-1	-6.401552E-1
1.733000E2	5.909508E-1	-6.413666E-1
1.734000E2	5.915330E-1	-6.432991E-1
1.735000E2	5.924279E-1	-6.426986E-1
1.736000E2	5.940175E-1	-6.413054E-1
1.737000E2	5.971718E-1	-6.403760E-1
1.738000E2	5.968856E-1	-6.428258E-1
1.739000E2	5.973564E-1	-6.413700E-1
1.740000E2	5.979760E-1	-6.416211E-1
1.741000E2	5.994925E-1	-6.409765E-1
1.742000E2	5.978270E-1	-6.396954E-1
1.743000E2	5.968289E-1	-6.396011E-1
1.744000E2	5.983719E-1	-6.388997E-1
1.745000E2	5.955941E-1	-6.393452E-1
1.746000E2	5.947883E-1	-6.388108E-1
1.747000E2	5.929825E-1	-6.378413E-1
1.748000E2	5.934307E-1	-6.383085E-1
1.749000E2	5.928789E-1	-6.397457E-1
1.750000E2	5.930234E-1	-6.417277E-1
1.751000E2	5.930963E-1	-6.406319E-1
1.752000E2	5.935751E-1	-6.380374E-1
1.753000E2	5.931591E-1	-6.377803E-1
1.754000E2	5.937052E-1	-6.386240E-1
1.755000E2	5.936688E-1	-6.397467E-1
1.756000E2	5.938148E-1	-6.383871E-1
1.757000E2	5.930494E-1	-6.370160E-1
1.758000E2	5.938707E-1	-6.379639E-1
1.759000E2	5.954659E-1	-6.390574E-1
1.760000E2	5.998262E-1	-6.378481E-1
1.761000E2	6.016015E-1	-6.370804E-1
1.762000E2	6.006996E-1	-6.373581E-1
1.763000E2	5.993753E-1	-6.370281E-1
1.764000E2	5.996019E-1	-6.342339E-1
1.765000E2	5.998903E-1	-6.346904E-1
1.766000E2	5.962318E-1	-6.369706E-1
1.767000E2	5.942715E-1	-6.385345E-1
1.768000E2	5.913771E-1	-6.376742E-1
1.769000E2	5.876032E-1	-6.364763E-1
1.770000E2	5.866845E-1	-6.372062E-1
1.771000E2	5.855682E-1	-6.371296E-1
1.772000E2	5.848758E-1	-6.374366E-1
1.773000E2	5.805534E-1	-6.364983E-1
1.774000E2	5.826829E-1	-6.362668E-1
1.775000E2	5.822310E-1	-6.411774E-1
1.776000E2	5.817416E-1	-6.400331E-1
1.777000E2	5.837911E-1	-6.411134E-1
1.778000E2	5.843625E-1	-6.424898E-1
1.779000E2	5.845824E-1	-6.406077E-1
1.780000E2	5.863979E-1	-6.398471E-1
1.781000E2	5.857320E-1	-6.416631E-1
1.782000E2	5.874866E-1	-6.416702E-1
1.783000E2	5.904043E-1	-6.412840E-1
1.784000E2	5.894228E-1	-6.402174E-1
1.785000E2	5.873624E-1	-6.406756E-1
1.786000E2	5.859183E-1	-6.420437E-1
1.787000E2	5.897261E-1	-6.413342E-1
1.788000E2	5.877481E-1	-6.418807E-1
1.789000E2	5.870655E-1	-6.451296E-1
1.790000E2	5.867103E-1	-6.468096E-1
1.791000E2	5.878943E-1	-6.470155E-1
1.792000E2	5.855110E-1	-6.457561E-1
1.793000E2	5.843782E-1	-6.446112E-1
1.794000E2	5.867692E-1	-6.456509E-1
1.795000E2	5.865203E-1	-6.458524E-1
1.796000E2	5.852583E-1	-6.465599E-1
1.797000E2	5.859401E-1	-6.465306E-1
1.798000E2	5.861145E-1	-6.477317E-1
1.799000E2	5.865405E-1	-6.453547E-1
1.800000E2	5.869059E-1	-6.443719E-1
1.801000E2	5.876382E-1	-6.415284E-1
1.802000E2	5.900449E-1	-6.411386E-1
1.803000E2	5.909972E-1	-6.364744E-1
1.804000E2	5.909070E-1	-6.373914E-1
1.805000E2	5.917043E-1	-6.359789E-1
1.806000E2	5.913830E-1	-6.379062E-1
1.807000E2	5.914161E-1	-6.377783E-1
1.808000E2	5.907394E-1	-6.378912E-1
1.809000E2	5.912980E-1	-6.380509E-1
1.810000E2	5.915083E-1	-6.376794E-1
1.811000E2	5.929794E-1	-6.384522E-1
1.812000E2	5.973368E-1	-6.390454E-1
1.813000E2	5.971659E-1	-6.415209E-1
1.814000E2	5.919608E-1	-6.391896E-1
1.815000E2	5.930668E-1	-6.368711E-1
1.816000E2	5.924639E-1	-6.368312E-1
1.817000E2	5.919657E-1	-6.371444E-1
1.818000E2	5.923968E-1	-6.359780E-1
1.819000E2	5.905368E-1	-6.345994E-1
1.820000E2	5.914597E-1	-6.321505E-1
1.821000E2	5.907521E-1	-6.315473E-1
1.822000E2	5.918090E-1	-6.319406E-1
1.823000E2	5.933292E-1	-6.320573E-1
1.824000E2	5.926982E-1	-6.329692E-1
1.825000E2	5.921663E-1	-6.335044E-1
1.826000E2	5.915224E-1	-6.321063E-1
1.827000E2	5.902639E-1	-6.293551E-1
1.828000E2	5.922845E-1	-6.301943E-1
1.829000E2	5.928993E-1	-6.273587E-1
1.830000E2	5.918481E-1	-6.267529E-1
1.831000E2	5.913575E-1	-6.272799E-1
1.832000E2	5.876685E-1	-6.262406E-1
1.833000E2	5.880800E-1	-6.263004E-1
1.834000E2	5.841812E-1	-6.268852E-1
1.835000E2	5.842417E-1	-6.273022E-1
1.836000E2	5.845975E-1	-6.256645E-1
1.837000E2	5.849099E-1	-6.252386E-1
1.838000E2	5.841499E-1	-6.271767E-1
1.839000E2	5.841460E-1	-6.279176E-1
1.840000E2	5.842702E-1	-6.272340E-1
1.841000E2	5.848425E-1	-6.246487E-1
1.842000E2	5.845634E-1	-6.284073E-1
1.843000E2	5.851572E-1	-6.261421E-1
1.844000E2	5.847546E-1	-6.241634E-1
1.845000E2	5.863073E-1	-6.263492E-1
1.846000E2	5.843216E-1	-6.286000E-1
1.847000E2	5.838904E-1	-6.253235E-1
1.848000E2	5.844038E-1	-6.253803E-1
1.849000E2	5.851003E-1	-6.255139E-1
1.850000E2	5.846302E-1	-6.249478E-1
1.851000E2	5.843742E-1	-6.258645E-1
1.852000E2	5.845225E-1	-6.289090E-1
1.853000E2	5.817336E-1	-6.270333E-1
1.854000E2	5.827478E-1	-6.303899E-1
1.855000E2	5.836612E-1	-6.305871E-1
1.856000E2	5.845478E-1	-6.291408E-1
1.857000E2	5.864230E-1	-6.267226E-1
1.858000E2	5.850933E-1	-6.260243E-1
1.859000E2	5.841383E-1	-6.255875E-1
