0.000000E0	7.545103E-1	-6.769262E-1
1.000000E-1	7.553405E-1	-6.765614E-1
2.000000E-1	7.528482E-1	-6.766383E-1
3.000000E-1	7.535789E-1	-6.772237E-1
4.000000E-1	7.520734E-1	-6.782797E-1
5.000000E-1	7.514856E-1	-6.790834E-1
6.000000E-1	7.529054E-1	-6.809485E-1
7.000000E-1	7.525320E-1	-6.805379E-1
8.000000E-1	7.542964E-1	-6.804711E-1
9.000000E-1	7.569093E-1	-6.806617E-1
1.000000E0	7.578154E-1	-6.808510E-1
1.100000E0	7.564395E-1	-6.808104E-1
1.200000E0	7.578750E-1	-6.816853E-1
1.300000E0	7.575487E-1	-6.818388E-1
1.400000E0	7.563838E-1	-6.788950E-1
1.500000E0	7.586785E-1	-6.796682E-1
1.600000E0	7.588269E-1	-6.789436E-1
1.700000E0	7.596255E-1	-6.788205E-1
1.800000E0	7.596515E-1	-6.794280E-1
1.900000E0	7.595442E-1	-6.798294E-1
2.000000E0	7.578130E-1	-6.798870E-1
2.100000E0	7.571160E-1	-6.793495E-1
2.200000E0	7.574101E-1	-6.799858E-1
2.300000E0	7.563780E-1	-6.812211E-1
2.400000E0	7.576485E-1	-6.818354E-1
2.500000E0	7.553826E-1	-6.804200E-1
2.600000E0	7.577090E-1	-6.782729E-1
2.700000E0	7.573699E-1	-6.794036E-1
2.800000E0	7.575484E-1	-6.801676E-1
2.900000E0	7.565360E-1	-6.810433E-1
3.000000E0	7.558538E-1	-6.798332E-1
3.100000E0	7.555007E-1	-6.802169E-1
3.200000E0	7.558256E-1	-6.797581E-1
3.300000E0	7.553996E-1	-6.783160E-1
3.400000E0	7.549108E-1	-6.779141E-1
3.500000E0	7.548729E-1	-6.773141E-1
3.600000E0	7.570360E-1	-6.766395E-1
3.700000E0	7.583264E-1	-6.766014E-1
3.800000E0	7.566054E-1	-6.758464E-1
3.900000E0	7.570984E-1	-6.749020E-1
4.000000E0	7.570441E-1	-6.735759E-1
4.100000E0	7.592919E-1	-6.725026E-1
4.200000E0	7.610943E-1	-6.731561E-1
4.300000E0	7.604582E-1	-6.734998E-1
4.400000E0	7.616179E-1	-6.731255E-1
4.500000E0	7.606427E-1	-6.718525E-1
4.600000E0	7.590711E-1	-6.699288E-1
4.700000E0	7.609589E-1	-6.685260E-1
4.800000E0	7.615895E-1	-6.674269E-1
4.900000E0	7.608072E-1	-6.651087E-1
5.000000E0	7.602749E-1	-6.637116E-1
5.100000E0	7.618279E-1	-6.647044E-1
5.200000E0	7.612668E-1	-6.624329E-1
5.300000E0	7.593497E-1	-6.606021E-1
5.400000E0	7.583004E-1	-6.609036E-1
5.500000E0	7.612326E-1	-6.611272E-1
5.600000E0	7.602114E-1	-6.595631E-1
5.700000E0	7.613154E-1	-6.576369E-1
5.800000E0	7.626508E-1	-6.567174E-1
5.900000E0	7.627304E-1	-6.582758E-1
6.000000E0	7.637765E-1	-6.578164E-1
6.100000E0	7.623612E-1	-6.586839E-1
6.200000E0	7.627524E-1	-6.566313E-1
6.300000E0	7.629560E-1	-6.559305E-1
6.400000E0	7.612845E-1	-6.549303E-1
6.500000E0	7.633363E-1	-6.531529E-1
6.600000E0	7.639789E-1	-6.527286E-1
6.700000E0	7.630212E-1	-6.535701E-1
6.800000E0	7.640258E-1	-6.521589E-1
6.900000E0	7.640165E-1	-6.516350E-1
7.000000E0	7.630811E-1	-6.523964E-1
7.100000E0	7.641176E-1	-6.520502E-1
7.200000E0	7.625142E-1	-6.523824E-1
7.300000E0	7.629580E-1	-6.522299E-1
7.400000E0	7.634292E-1	-6.513824E-1
7.500000E0	7.632474E-1	-6.491106E-1
7.600000E0	7.637363E-1	-6.511152E-1
7.700000E0	7.629122E-1	-6.483112E-1
7.800000E0	7.606160E-1	-6.473449E-1
7.900000E0	7.597042E-1	-6.468832E-1
8.000000E0	7.589604E-1	-6.438117E-1
8.100000E0	7.606914E-1	-6.438483E-1
8.200000E0	7.616010E-1	-6.440945E-1
8.300000E0	7.611162E-1	-6.449130E-1
8.400000E0	7.611969E-1	-6.460278E-1
8.500000E0	7.618720E-1	-6.465961E-1
8.600000E0	7.627095E-1	-6.478684E-1
8.700000E0	7.622712E-1	-6.485505E-1
8.800000E0	7.624930E-1	-6.489749E-1
8.900000E0	7.618863E-1	-6.479381E-1
9.000000E0	7.600540E-1	-6.480744E-1
9.100000E0	7.582673E-1	-6.482137E-1
9.200000E0	7.600551E-1	-6.474303E-1
9.300000E0	7.615203E-1	-6.465755E-1
9.400000E0	7.611682E-1	-6.459181E-1
9.500000E0	7.611784E-1	-6.427617E-1
9.600000E0	7.617399E-1	-6.426941E-1
9.700000E0	7.602019E-1	-6.422145E-1
9.800000E0	7.596397E-1	-6.417842E-1
9.900000E0	7.590185E-1	-6.390655E-1
1.000000E1	7.567169E-1	-6.392541E-1
1.010000E1	7.559674E-1	-6.383383E-1
1.020000E1	7.554243E-1	-6.378806E-1
1.030000E1	7.567208E-1	-6.366452E-1
1.040000E1	7.574623E-1	-6.364989E-1
1.050000E1	7.583921E-1	-6.383539E-1
1.060000E1	7.573633E-1	-6.377297E-1
1.070000E1	7.568562E-1	-6.359759E-1
1.080000E1	7.570574E-1	-6.358210E-1
1.090000E1	7.571653E-1	-6.339201E-1
1.100000E1	7.575430E-1	-6.304171E-1
1.110000E1	7.562898E-1	-6.288474E-1
1.120000E1	7.566279E-1	-6.276240E-1
1.130000E1	7.575423E-1	-6.289416E-1
1.140000E1	7.587392E-1	-6.276508E-1
1.150000E1	7.596935E-1	-6.274961E-1
1.160000E1	7.576474E-1	-6.280829E-1
1.170000E1	7.573537E-1	-6.290536E-1
1.180000E1	7.567602E-1	-6.283568E-1
1.190000E1	7.558032E-1	-6.273127E-1
1.200000E1	7.568286E-1	-6.270572E-1
1.210000E1	7.555998E-1	-6.271521E-1
1.220000E1	7.543897E-1	-6.270459E-1
1.230000E1	7.537830E-1	-6.271699E-1
1.240000E1	7.530412E-1	-6.272032E-1
1.250000E1	7.525131E-1	-6.283192E-1
1.260000E1	7.509067E-1	-6.274387E-1
1.270000E1	7.521268E-1	-6.277258E-1
1.280000E1	7.500764E-1	-6.271368E-1
1.290000E1	7.504021E-1	-6.280127E-1
1.300000E1	7.504663E-1	-6.277361E-1
1.310000E1	7.503317E-1	-6.278563E-1
1.320000E1	7.511660E-1	-6.285367E-1
1.330000E1	7.522425E-1	-6.297318E-1
1.340000E1	7.532371E-1	-6.294137E-1
1.350000E1	7.541654E-1	-6.301645E-1
1.360000E1	7.531867E-1	-6.301931E-1
1.370000E1	7.539253E-1	-6.293497E-1
1.380000E1	7.542608E-1	-6.282035E-1
1.390000E1	7.544727E-1	-6.279809E-1
1.400000E1	7.566344E-1	-6.280754E-1
1.410000E1	7.569338E-1	-6.274676E-1
1.420000E1	7.574232E-1	-6.269125E-1
1.430000E1	7.580388E-1	-6.296001E-1
1.440000E1	7.576105E-1	-6.291292E-1
1.450000E1	7.590571E-1	-6.248416E-1
1.460000E1	7.601658E-1	-6.264360E-1
1.470000E1	7.583090E-1	-6.274116E-1
1.480000E1	7.563877E-1	-6.278403E-1
1.490000E1	7.578737E-1	-6.276620E-1
1.500000E1	7.585194E-1	-6.279472E-1
1.510000E1	7.620178E-1	-6.255090E-1
1.520000E1	7.609580E-1	-6.234756E-1
1.530000E1	7.591436E-1	-6.221284E-1
1.540000E1	7.613326E-1	-6.213671E-1
1.550000E1	7.615763E-1	-6.208307E-1
1.560000E1	7.619350E-1	-6.208297E-1
1.570000E1	7.609044E-1	-6.202539E-1
1.580000E1	7.619790E-1	-6.196902E-1
1.590000E1	7.600431E-1	-6.233358E-1
1.600000E1	7.596612E-1	-6.244011E-1
1.610000E1	7.601735E-1	-6.239561E-1
1.620000E1	7.594647E-1	-6.218769E-1
1.630000E1	7.583663E-1	-6.225246E-1
1.640000E1	7.579411E-1	-6.216812E-1
1.650000E1	7.588842E-1	-6.208358E-1
1.660000E1	7.606743E-1	-6.209149E-1
1.670000E1	7.621402E-1	-6.189849E-1
1.680000E1	7.634181E-1	-6.164812E-1
1.690000E1	7.631599E-1	-6.185757E-1
1.700000E1	7.646841E-1	-6.174092E-1
1.710000E1	7.668045E-1	-6.174866E-1
1.720000E1	7.683372E-1	-6.175627E-1
1.730000E1	7.698626E-1	-6.162140E-1
1.740000E1	7.709203E-1	-6.147645E-1
1.750000E1	7.700409E-1	-6.147865E-1
1.760000E1	7.695249E-1	-6.132333E-1
1.770000E1	7.691212E-1	-6.115758E-1
1.780000E1	7.673466E-1	-6.097740E-1
1.790000E1	7.680197E-1	-6.097383E-1
1.800000E1	7.675222E-1	-6.104496E-1
1.810000E1	7.653241E-1	-6.111311E-1
1.820000E1	7.671990E-1	-6.097859E-1
1.830000E1	7.662152E-1	-6.095292E-1
1.840000E1	7.658963E-1	-6.096053E-1
1.860000E1	7.653527E-1	-6.035514E-1
1.870000E1	7.645765E-1	-6.032581E-1
1.880000E1	7.644839E-1	-6.026826E-1
1.890000E1	7.602522E-1	-6.027770E-1
1.900000E1	7.609098E-1	-6.022913E-1
1.910000E1	7.599181E-1	-6.017020E-1
1.920000E1	7.596755E-1	-6.014181E-1
1.930000E1	7.584028E-1	-5.931266E-1
1.940000E1	7.583162E-1	-5.933208E-1
1.950000E1	7.600768E-1	-5.928834E-1
1.960000E1	7.587192E-1	-5.927326E-1
1.970000E1	7.558996E-1	-5.928421E-1
1.980000E1	7.562307E-1	-5.929714E-1
1.990000E1	7.543361E-1	-5.933474E-1
2.000000E1	7.533527E-1	-5.928098E-1
2.010000E1	7.514540E-1	-5.930690E-1
2.020000E1	7.544935E-1	-5.853080E-1
2.030000E1	7.532594E-1	-5.855774E-1
2.040000E1	7.527201E-1	-5.850443E-1
2.050000E1	7.527362E-1	-5.859240E-1
2.060000E1	7.515876E-1	-5.848471E-1
2.070000E1	7.508900E-1	-5.852154E-1
2.080000E1	7.509811E-1	-5.847971E-1
2.090000E1	7.513322E-1	-5.846316E-1
2.100000E1	7.526278E-1	-5.846166E-1
2.110000E1	7.557043E-1	-5.849605E-1
2.120000E1	7.576702E-1	-5.848437E-1
2.130000E1	7.592335E-1	-5.856978E-1
2.140000E1	7.597758E-1	-5.838476E-1
2.150000E1	7.626915E-1	-5.848902E-1
2.160000E1	7.620683E-1	-5.839767E-1
2.170000E1	7.613058E-1	-5.833956E-1
2.180000E1	7.601123E-1	-5.828304E-1
2.190000E1	7.605746E-1	-5.735801E-1
2.200000E1	7.605913E-1	-5.715091E-1
2.210000E1	7.627268E-1	-5.733710E-1
2.220000E1	7.637165E-1	-5.720303E-1
2.230000E1	7.650903E-1	-5.727458E-1
2.240000E1	7.650649E-1	-5.716395E-1
2.250000E1	7.641432E-1	-5.731112E-1
2.260000E1	7.635176E-1	-5.726286E-1
2.270000E1	7.621552E-1	-5.733330E-1
2.280000E1	7.616811E-1	-5.729645E-1
2.290000E1	7.591301E-1	-5.728854E-1
2.300000E1	7.588372E-1	-5.670646E-1
2.310000E1	7.594872E-1	-5.674231E-1
2.320000E1	7.609471E-1	-5.682206E-1
2.330000E1	7.620464E-1	-5.674647E-1
2.340000E1	7.623121E-1	-5.753176E-1
2.350000E1	7.622896E-1	-5.758230E-1
2.360000E1	7.605077E-1	-5.749035E-1
2.370000E1	7.611575E-1	-5.758305E-1
2.380000E1	7.590264E-1	-5.754494E-1
2.390000E1	7.589905E-1	-5.756435E-1
2.400000E1	7.619738E-1	-5.750201E-1
2.410000E1	7.637538E-1	-5.754477E-1
2.420000E1	7.621337E-1	-5.752766E-1
2.430000E1	7.625292E-1	-5.753773E-1
2.440000E1	7.624578E-1	-5.753364E-1
2.450000E1	7.623005E-1	-5.753782E-1
2.460000E1	7.631149E-1	-5.747508E-1
2.470000E1	7.633550E-1	-5.754116E-1
2.480000E1	7.642483E-1	-5.752723E-1
2.490000E1	7.649763E-1	-5.750627E-1
2.500000E1	7.646936E-1	-5.748840E-1
2.510000E1	7.626227E-1	-5.750852E-1
2.520000E1	7.626717E-1	-5.750341E-1
2.530000E1	7.619831E-1	-5.749233E-1
2.540000E1	7.615543E-1	-5.749851E-1
2.550000E1	7.613887E-1	-5.751827E-1
2.560000E1	7.616437E-1	-5.753534E-1
2.570000E1	7.610107E-1	-5.753419E-1
2.580000E1	7.608211E-1	-5.751646E-1
2.590000E1	7.610525E-1	-5.752012E-1
2.600000E1	7.643974E-1	-5.660042E-1
2.610000E1	7.640929E-1	-5.655532E-1
2.620000E1	7.645054E-1	-5.654246E-1
2.630000E1	7.641823E-1	-5.662405E-1
2.640000E1	7.656722E-1	-5.657860E-1
2.650000E1	7.661808E-1	-5.640165E-1
2.660000E1	7.659110E-1	-5.634778E-1
2.670000E1	7.644450E-1	-5.627700E-1
2.680000E1	7.647448E-1	-5.621868E-1
2.690000E1	7.631281E-1	-5.588304E-1
2.700000E1	7.620161E-1	-5.573585E-1
2.710000E1	7.618515E-1	-5.531846E-1
2.720000E1	7.619337E-1	-5.525990E-1
2.730000E1	7.612189E-1	-5.511868E-1
2.740000E1	7.603848E-1	-5.520863E-1
2.750000E1	7.606035E-1	-5.519138E-1
2.760000E1	7.606452E-1	-5.497328E-1
2.770000E1	7.611922E-1	-5.489552E-1
2.780000E1	7.635413E-1	-5.469795E-1
2.790000E1	7.631895E-1	-5.447538E-1
2.800000E1	7.631667E-1	-5.432275E-1
2.810000E1	7.641493E-1	-5.433669E-1
2.820000E1	7.651545E-1	-5.434726E-1
2.830000E1	7.666320E-1	-5.433917E-1
2.840000E1	7.662841E-1	-5.419807E-1
2.850000E1	7.656793E-1	-5.402624E-1
2.860000E1	7.663217E-1	-5.392952E-1
2.870000E1	7.643810E-1	-5.380780E-1
2.880000E1	7.645090E-1	-5.391637E-1
2.890000E1	7.642338E-1	-5.374217E-1
2.900000E1	7.629157E-1	-5.351369E-1
2.910000E1	7.612640E-1	-5.361905E-1
2.920000E1	7.608645E-1	-5.358995E-1
2.930000E1	7.619821E-1	-5.347856E-1
2.940000E1	7.613997E-1	-5.338756E-1
2.950000E1	7.622782E-1	-5.341749E-1
2.960000E1	7.616367E-1	-5.352767E-1
2.970000E1	7.613601E-1	-5.333335E-1
2.980000E1	7.618886E-1	-5.337559E-1
2.990000E1	7.617155E-1	-5.314478E-1
3.000000E1	7.618092E-1	-5.307846E-1
3.010000E1	7.627078E-1	-5.313709E-1
3.020000E1	7.641052E-1	-5.315596E-1
3.030000E1	7.633227E-1	-5.301281E-1
3.040000E1	7.636533E-1	-5.280658E-1
3.050000E1	7.639322E-1	-5.272858E-1
3.060000E1	7.640817E-1	-5.283580E-1
3.070000E1	7.636499E-1	-5.296668E-1
3.080000E1	7.646421E-1	-5.274356E-1
3.090000E1	7.648918E-1	-5.251588E-1
3.100000E1	7.628222E-1	-5.249460E-1
3.110000E1	7.637143E-1	-5.260097E-1
3.120000E1	7.650648E-1	-5.256787E-1
3.130000E1	7.662213E-1	-5.253089E-1
3.140000E1	7.669700E-1	-5.235325E-1
3.150000E1	7.701212E-1	-5.227550E-1
3.160000E1	7.718366E-1	-5.225466E-1
3.170000E1	7.729960E-1	-5.194944E-1
3.180000E1	7.728559E-1	-5.170599E-1
3.190000E1	7.724967E-1	-5.132288E-1
3.200000E1	7.725959E-1	-5.144380E-1
3.210000E1	7.696701E-1	-5.112163E-1
3.220000E1	7.671391E-1	-5.103732E-1
3.230000E1	7.664412E-1	-5.080985E-1
3.240000E1	7.647395E-1	-5.063401E-1
3.250000E1	7.646198E-1	-5.052913E-1
3.260000E1	7.633237E-1	-5.056561E-1
3.270000E1	7.616804E-1	-5.059570E-1
3.280000E1	7.622069E-1	-5.064682E-1
3.290000E1	7.618864E-1	-5.065160E-1
3.300000E1	7.602971E-1	-5.061238E-1
3.310000E1	7.606774E-1	-5.064738E-1
3.320000E1	7.620688E-1	-5.062490E-1
3.330000E1	7.621831E-1	-5.059632E-1
3.340000E1	7.612002E-1	-5.076055E-1
3.350000E1	7.622840E-1	-5.081951E-1
3.360000E1	7.608822E-1	-5.079118E-1
3.370000E1	7.593620E-1	-5.052946E-1
3.380000E1	7.579993E-1	-5.054726E-1
3.390000E1	7.566322E-1	-5.043032E-1
3.400000E1	7.562432E-1	-5.048123E-1
3.410000E1	7.558933E-1	-5.057471E-1
3.420000E1	7.570245E-1	-5.054268E-1
3.430000E1	7.550661E-1	-5.066737E-1
3.440000E1	7.567187E-1	-5.060308E-1
3.450000E1	7.567881E-1	-5.055669E-1
3.460000E1	7.555321E-1	-5.056325E-1
3.470000E1	7.545555E-1	-5.051727E-1
3.480000E1	7.525029E-1	-5.041096E-1
3.490000E1	7.506960E-1	-5.024034E-1
3.500000E1	7.504900E-1	-5.052176E-1
3.510000E1	7.501910E-1	-5.038514E-1
3.520000E1	7.503445E-1	-5.053538E-1
3.530000E1	7.497688E-1	-5.056009E-1
3.540000E1	7.463805E-1	-5.050769E-1
3.550000E1	7.476349E-1	-5.052570E-1
3.560000E1	7.490277E-1	-5.043151E-1
3.570000E1	7.499197E-1	-5.045897E-1
3.580000E1	7.489247E-1	-5.045336E-1
3.590000E1	7.496189E-1	-5.070241E-1
3.600000E1	7.509048E-1	-5.070856E-1
3.610000E1	7.509766E-1	-5.053402E-1
3.620000E1	7.543833E-1	-5.044421E-1
3.630000E1	7.554910E-1	-5.036038E-1
3.640000E1	7.559059E-1	-5.040868E-1
3.650000E1	7.552330E-1	-5.063561E-1
3.660000E1	7.570605E-1	-5.063856E-1
3.670000E1	7.575683E-1	-5.037971E-1
3.680000E1	7.569978E-1	-5.050095E-1
3.690000E1	7.564295E-1	-5.067696E-1
3.700000E1	7.566411E-1	-5.069624E-1
3.710000E1	7.561151E-1	-5.055305E-1
3.720000E1	7.548390E-1	-5.068507E-1
3.730000E1	7.542403E-1	-5.056090E-1
3.740000E1	7.540716E-1	-5.025536E-1
3.750000E1	7.546645E-1	-5.000749E-1
3.760000E1	7.551786E-1	-5.017486E-1
3.770000E1	7.535403E-1	-4.997527E-1
3.780000E1	7.532812E-1	-5.022038E-1
3.790000E1	7.543637E-1	-5.016933E-1
3.800000E1	7.551378E-1	-5.001195E-1
3.810000E1	7.538412E-1	-4.994789E-1
3.820000E1	7.529423E-1	-4.984002E-1
3.830000E1	7.529573E-1	-4.965422E-1
3.840000E1	7.541421E-1	-4.942447E-1
3.850000E1	7.544063E-1	-4.940766E-1
3.860000E1	7.519989E-1	-4.951954E-1
3.870000E1	7.515833E-1	-4.939921E-1
3.880000E1	7.511491E-1	-4.906662E-1
3.890000E1	7.530322E-1	-4.919618E-1
3.900000E1	7.520697E-1	-4.906990E-1
3.910000E1	7.530855E-1	-4.893139E-1
3.920000E1	7.511984E-1	-4.893854E-1
3.930000E1	7.498538E-1	-4.901972E-1
3.940000E1	7.506357E-1	-4.889026E-1
3.950000E1	7.519531E-1	-4.880595E-1
3.960000E1	7.512677E-1	-4.872179E-1
3.970000E1	7.505582E-1	-4.860801E-1
3.980000E1	7.489014E-1	-4.876737E-1
3.990000E1	7.488802E-1	-4.870862E-1
4.000000E1	7.486277E-1	-4.857796E-1
4.010000E1	7.487703E-1	-4.863698E-1
4.020000E1	7.502447E-1	-4.843851E-1
4.030000E1	7.492744E-1	-4.837945E-1
4.040000E1	7.478582E-1	-4.846024E-1
4.050000E1	7.461617E-1	-4.826619E-1
4.060000E1	7.456145E-1	-4.824312E-1
4.070000E1	7.460185E-1	-4.816553E-1
4.080000E1	7.462275E-1	-4.796341E-1
4.090000E1	7.457495E-1	-4.766864E-1
4.100000E1	7.447488E-1	-4.757037E-1
4.110000E1	7.445889E-1	-4.761002E-1
4.120000E1	7.446404E-1	-4.774332E-1
4.130000E1	7.441676E-1	-4.779648E-1
4.140000E1	7.452117E-1	-4.779651E-1
4.150000E1	7.448780E-1	-4.771713E-1
4.160000E1	7.452516E-1	-4.758962E-1
4.170000E1	7.442135E-1	-4.747712E-1
4.180000E1	7.466918E-1	-4.750436E-1
4.190000E1	7.457374E-1	-4.742449E-1
4.200000E1	7.447196E-1	-4.747113E-1
4.210000E1	7.427465E-1	-4.745240E-1
4.220000E1	7.418919E-1	-4.741259E-1
4.230000E1	7.424879E-1	-4.743569E-1
4.240000E1	7.440218E-1	-4.729102E-1
4.250000E1	7.445780E-1	-4.710219E-1
4.260000E1	7.443207E-1	-4.737991E-1
4.270000E1	7.426938E-1	-4.739000E-1
4.280000E1	7.421201E-1	-4.744585E-1
4.290000E1	7.420076E-1	-4.741137E-1
4.300000E1	7.462797E-1	-4.736959E-1
4.310000E1	7.460287E-1	-4.729589E-1
4.320000E1	7.466560E-1	-4.706600E-1
4.330000E1	7.466210E-1	-4.683928E-1
4.340000E1	7.474299E-1	-4.687568E-1
4.350000E1	7.464921E-1	-4.671040E-1
4.360000E1	7.465960E-1	-4.681200E-1
4.370000E1	7.462206E-1	-4.705112E-1
4.380000E1	7.464478E-1	-4.691424E-1
4.390000E1	7.474870E-1	-4.681063E-1
4.400000E1	7.474221E-1	-4.652254E-1
4.410000E1	7.473734E-1	-4.631113E-1
4.420000E1	7.450126E-1	-4.629291E-1
4.430000E1	7.449170E-1	-4.612411E-1
4.440000E1	7.448904E-1	-4.588467E-1
4.450000E1	7.448468E-1	-4.572185E-1
4.460000E1	7.442506E-1	-4.554929E-1
4.470000E1	7.421520E-1	-4.546219E-1
4.480000E1	7.423984E-1	-4.550769E-1
4.490000E1	7.449814E-1	-4.534908E-1
4.500000E1	7.451262E-1	-4.526974E-1
4.510000E1	7.431217E-1	-4.536605E-1
4.520000E1	7.451463E-1	-4.544648E-1
4.530000E1	7.470595E-1	-4.531773E-1
4.540000E1	7.451996E-1	-4.528223E-1
4.550000E1	7.469251E-1	-4.506827E-1
4.560000E1	7.470396E-1	-4.506624E-1
4.570000E1	7.477809E-1	-4.490000E-1
4.580000E1	7.465989E-1	-4.486372E-1
4.590000E1	7.464988E-1	-4.478522E-1
4.600000E1	7.466591E-1	-4.475764E-1
4.610000E1	7.472238E-1	-4.462050E-1
4.620000E1	7.457345E-1	-4.463238E-1
4.630000E1	7.481792E-1	-4.443018E-1
4.640000E1	7.475159E-1	-4.431171E-1
4.650000E1	7.470707E-1	-4.419682E-1
4.660000E1	7.489651E-1	-4.404542E-1
4.670000E1	7.464519E-1	-4.387829E-1
4.680000E1	7.475393E-1	-4.383249E-1
4.690000E1	7.473328E-1	-4.385744E-1
4.700000E1	7.449347E-1	-4.402293E-1
4.710000E1	7.444501E-1	-4.405214E-1
4.720000E1	7.458750E-1	-4.376888E-1
4.730000E1	7.459652E-1	-4.373120E-1
4.740000E1	7.467072E-1	-4.373154E-1
4.750000E1	7.461023E-1	-4.366735E-1
4.760000E1	7.451977E-1	-4.377620E-1
4.770000E1	7.450019E-1	-4.386438E-1
4.780000E1	7.456864E-1	-4.364632E-1
4.790000E1	7.467580E-1	-4.324082E-1
4.800000E1	7.483881E-1	-4.323073E-1
4.810000E1	7.466802E-1	-4.344973E-1
4.820000E1	7.462274E-1	-4.339535E-1
4.830000E1	7.476918E-1	-4.329374E-1
4.840000E1	7.475949E-1	-4.321411E-1
4.850000E1	7.479464E-1	-4.317072E-1
4.860000E1	7.448636E-1	-4.325043E-1
4.870000E1	7.446557E-1	-4.332178E-1
4.880000E1	7.440722E-1	-4.323253E-1
4.890000E1	7.447042E-1	-4.311610E-1
4.900000E1	7.443167E-1	-4.313251E-1
4.910000E1	7.440895E-1	-4.295285E-1
4.920000E1	7.440276E-1	-4.288890E-1
4.930000E1	7.431387E-1	-4.282850E-1
4.940000E1	7.445968E-1	-4.294642E-1
4.950000E1	7.437850E-1	-4.281658E-1
4.960000E1	7.436815E-1	-4.268069E-1
4.970000E1	7.447367E-1	-4.246674E-1
4.980000E1	7.432492E-1	-4.251236E-1
4.990000E1	7.415034E-1	-4.276865E-1
5.000000E1	7.416635E-1	-4.285079E-1
5.010000E1	7.411330E-1	-4.283107E-1
5.020000E1	7.404624E-1	-4.278158E-1
5.030000E1	7.405786E-1	-4.281670E-1
5.040000E1	7.402220E-1	-4.278647E-1
5.050000E1	7.406991E-1	-4.287723E-1
5.060000E1	7.408748E-1	-4.292909E-1
5.070000E1	7.403965E-1	-4.280427E-1
5.080000E1	7.400337E-1	-4.286452E-1
5.090000E1	7.394678E-1	-4.281408E-1
5.100000E1	7.394852E-1	-4.280227E-1
5.110000E1	7.393673E-1	-4.263047E-1
5.120000E1	7.385104E-1	-4.265820E-1
5.130000E1	7.368686E-1	-4.264594E-1
5.140000E1	7.353533E-1	-4.272753E-1
5.150000E1	7.375258E-1	-4.277301E-1
5.160000E1	7.383738E-1	-4.284258E-1
5.170000E1	7.391507E-1	-4.289115E-1
5.180000E1	7.388649E-1	-4.279728E-1
5.190000E1	7.396801E-1	-4.285822E-1
5.200000E1	7.417026E-1	-4.264185E-1
5.210000E1	7.415148E-1	-4.253180E-1
5.220000E1	7.420015E-1	-4.250927E-1
5.230000E1	7.438004E-1	-4.252879E-1
5.240000E1	7.448951E-1	-4.239460E-1
5.250000E1	7.446005E-1	-4.265512E-1
5.260000E1	7.445326E-1	-4.287482E-1
5.270000E1	7.421199E-1	-4.273470E-1
5.280000E1	7.422724E-1	-4.250129E-1
5.290000E1	7.426926E-1	-4.261726E-1
5.300000E1	7.451409E-1	-4.252589E-1
5.310000E1	7.450686E-1	-4.250337E-1
5.320000E1	7.464840E-1	-4.266139E-1
5.330000E1	7.462149E-1	-4.291474E-1
5.340000E1	7.464985E-1	-4.281214E-1
5.350000E1	7.463791E-1	-4.245639E-1
5.360000E1	7.473495E-1	-4.223131E-1
5.370000E1	7.469158E-1	-4.231188E-1
5.380000E1	7.444629E-1	-4.235005E-1
5.390000E1	7.443145E-1	-4.218584E-1
5.400000E1	7.451191E-1	-4.207241E-1
5.410000E1	7.456449E-1	-4.199690E-1
5.420000E1	7.470332E-1	-4.194286E-1
5.430000E1	7.467728E-1	-4.179047E-1
5.440000E1	7.468504E-1	-4.165386E-1
5.450000E1	7.466084E-1	-4.173805E-1
5.460000E1	7.456930E-1	-4.191551E-1
5.470000E1	7.451371E-1	-4.187247E-1
5.480000E1	7.451932E-1	-4.188409E-1
5.490000E1	7.448296E-1	-4.187092E-1
5.500000E1	7.434480E-1	-4.177446E-1
5.510000E1	7.436323E-1	-4.194408E-1
5.520000E1	7.448790E-1	-4.184290E-1
5.530000E1	7.452121E-1	-4.178251E-1
5.540000E1	7.456405E-1	-4.166201E-1
5.550000E1	7.460119E-1	-4.175893E-1
5.560000E1	7.455866E-1	-4.172896E-1
5.570000E1	7.456521E-1	-4.158491E-1
5.580000E1	7.446728E-1	-4.120539E-1
5.590000E1	7.464816E-1	-4.114511E-1
5.600000E1	7.462088E-1	-4.115798E-1
5.610000E1	7.465157E-1	-4.105868E-1
5.620000E1	7.468294E-1	-4.108472E-1
5.630000E1	7.473805E-1	-4.104897E-1
5.640000E1	7.485415E-1	-4.096178E-1
5.650000E1	7.515671E-1	-4.098778E-1
5.660000E1	7.527201E-1	-4.097449E-1
5.670000E1	7.550387E-1	-4.095473E-1
5.680000E1	7.544077E-1	-4.092859E-1
5.690000E1	7.519955E-1	-4.097594E-1
5.700000E1	7.526556E-1	-4.093873E-1
5.710000E1	7.532401E-1	-4.095526E-1
5.720000E1	7.537951E-1	-4.088969E-1
5.730000E1	7.530662E-1	-4.083275E-1
5.740000E1	7.521516E-1	-4.093106E-1
5.750000E1	7.538183E-1	-4.087238E-1
5.760000E1	7.535925E-1	-4.081303E-1
5.770000E1	7.548770E-1	-4.032357E-1
5.780000E1	7.537473E-1	-4.027457E-1
5.790000E1	7.563313E-1	-4.031485E-1
5.800000E1	7.578278E-1	-4.032881E-1
5.810000E1	7.572250E-1	-4.023600E-1
5.820000E1	7.574825E-1	-4.028763E-1
5.830000E1	7.581140E-1	-4.025498E-1
5.840000E1	7.607121E-1	-4.017002E-1
5.850000E1	7.603488E-1	-4.005593E-1
5.860000E1	7.609233E-1	-4.009313E-1
5.870000E1	7.591317E-1	-4.002070E-1
5.880000E1	7.567196E-1	-3.927940E-1
5.890000E1	7.570232E-1	-3.924338E-1
5.900000E1	7.581638E-1	-3.924998E-1
5.910000E1	7.591485E-1	-3.927207E-1
5.920000E1	7.574283E-1	-3.928991E-1
5.930000E1	7.574616E-1	-3.928700E-1
5.940000E1	7.581127E-1	-3.928131E-1
5.950000E1	7.578540E-1	-3.927314E-1
5.960000E1	7.561519E-1	-3.932213E-1
5.970000E1	7.562658E-1	-3.926484E-1
5.980000E1	7.561186E-1	-3.931823E-1
5.990000E1	7.538682E-1	-3.925760E-1
6.000000E1	7.523230E-1	-3.933116E-1
6.010000E1	7.533487E-1	-3.915437E-1
6.020000E1	7.548242E-1	-3.925152E-1
6.030000E1	7.548016E-1	-3.925896E-1
6.040000E1	7.539849E-1	-3.925426E-1
6.050000E1	7.543468E-1	-3.925580E-1
6.060000E1	7.540288E-1	-3.921489E-1
6.070000E1	7.562855E-1	-3.909700E-1
6.080000E1	7.554270E-1	-3.917194E-1
6.090000E1	7.568792E-1	-3.919934E-1
6.100000E1	7.573600E-1	-3.922025E-1
6.110000E1	7.575751E-1	-3.920107E-1
6.120000E1	7.559960E-1	-3.920743E-1
6.130000E1	7.584981E-1	-3.920922E-1
6.140000E1	7.610856E-1	-3.928668E-1
6.150000E1	7.626384E-1	-3.928189E-1
6.160000E1	7.610305E-1	-3.927787E-1
6.170000E1	7.578674E-1	-3.926149E-1
6.180000E1	7.576759E-1	-3.926296E-1
6.190000E1	7.584114E-1	-3.924980E-1
6.200000E1	7.596247E-1	-3.922327E-1
6.210000E1	7.587279E-1	-3.919498E-1
6.220000E1	7.591185E-1	-3.919340E-1
6.230000E1	7.588694E-1	-3.851162E-1
6.240000E1	7.581005E-1	-3.855597E-1
6.250000E1	7.586790E-1	-3.850944E-1
6.260000E1	7.576188E-1	-3.847607E-1
6.270000E1	7.587176E-1	-3.853002E-1
6.280000E1	7.574209E-1	-3.852336E-1
6.290000E1	7.588222E-1	-3.851669E-1
6.300000E1	7.574011E-1	-3.852940E-1
6.310000E1	7.592517E-1	-3.849614E-1
6.320000E1	7.593876E-1	-3.848623E-1
6.330000E1	7.595910E-1	-3.847358E-1
6.340000E1	7.587798E-1	-3.848595E-1
6.350000E1	7.589967E-1	-3.845852E-1
6.360000E1	7.607027E-1	-3.858772E-1
6.370000E1	7.635711E-1	-3.847989E-1
6.380000E1	7.657004E-1	-3.858583E-1
6.390000E1	7.655148E-1	-3.845812E-1
6.400000E1	7.660946E-1	-3.844014E-1
6.410000E1	7.670226E-1	-3.842604E-1
6.420000E1	7.682622E-1	-3.848481E-1
6.430000E1	7.700162E-1	-3.845249E-1
6.440000E1	7.692838E-1	-3.855738E-1
6.450000E1	7.676914E-1	-3.847303E-1
6.460000E1	7.680760E-1	-3.845486E-1
6.470000E1	7.690164E-1	-3.847223E-1
6.480000E1	7.682643E-1	-3.857338E-1
6.490000E1	7.696616E-1	-3.846045E-1
6.500000E1	7.705143E-1	-3.855140E-1
6.510000E1	7.718396E-1	-3.850589E-1
6.520000E1	7.702812E-1	-3.861221E-1
6.530000E1	7.707052E-1	-3.857676E-1
6.540000E1	7.707032E-1	-3.858773E-1
6.550000E1	7.699782E-1	-3.858970E-1
6.560000E1	7.720389E-1	-3.861069E-1
6.570000E1	7.735059E-1	-3.858399E-1
6.580000E1	7.737847E-1	-3.853231E-1
6.590000E1	7.746576E-1	-3.851107E-1
6.600000E1	7.722293E-1	-3.844827E-1
6.610000E1	7.722973E-1	-3.843913E-1
6.620000E1	7.714211E-1	-3.843155E-1
6.630000E1	7.720171E-1	-3.846410E-1
6.640000E1	7.739430E-1	-3.850637E-1
6.650000E1	7.743925E-1	-3.845603E-1
6.660000E1	7.754602E-1	-3.852056E-1
6.670000E1	7.749885E-1	-3.829008E-1
6.680000E1	7.785028E-1	-3.838711E-1
6.690000E1	7.768355E-1	-3.836950E-1
6.700000E1	7.760789E-1	-3.830603E-1
6.710000E1	7.768343E-1	-3.830849E-1
6.720000E1	7.760488E-1	-3.830177E-1
6.730000E1	7.781525E-1	-3.829058E-1
6.740000E1	7.779483E-1	-3.830875E-1
6.750000E1	7.757634E-1	-3.828788E-1
6.760000E1	7.773818E-1	-3.843026E-1
6.770000E1	7.773759E-1	-3.832399E-1
6.780000E1	7.770904E-1	-3.826580E-1
6.790000E1	7.779102E-1	-3.765172E-1
6.800000E1	7.775505E-1	-3.762977E-1
6.810000E1	7.780159E-1	-3.765185E-1
6.820000E1	7.798881E-1	-3.763056E-1
6.830000E1	7.796959E-1	-3.752563E-1
6.840000E1	7.790721E-1	-3.760323E-1
6.850000E1	7.796879E-1	-3.756021E-1
6.860000E1	7.831721E-1	-3.765093E-1
6.870000E1	7.818535E-1	-3.763553E-1
6.880000E1	7.803423E-1	-3.761836E-1
6.890000E1	7.801376E-1	-3.763035E-1
6.900000E1	7.783484E-1	-3.761691E-1
6.910000E1	7.775507E-1	-3.761973E-1
6.920000E1	7.772109E-1	-3.761199E-1
6.930000E1	7.743593E-1	-3.763565E-1
6.940000E1	7.743468E-1	-3.769425E-1
6.950000E1	7.771545E-1	-3.763582E-1
6.960000E1	7.783495E-1	-3.760526E-1
6.970000E1	7.794138E-1	-3.746046E-1
6.980000E1	7.798707E-1	-3.759922E-1
6.990000E1	7.802923E-1	-3.753492E-1
7.000000E1	7.804022E-1	-3.761199E-1
7.010000E1	7.811672E-1	-3.761685E-1
7.020000E1	7.797887E-1	-3.761010E-1
7.030000E1	7.792512E-1	-3.745071E-1
7.040000E1	7.786888E-1	-3.759061E-1
7.050000E1	7.777294E-1	-3.752604E-1
7.060000E1	7.764051E-1	-3.759311E-1
7.070000E1	7.755965E-1	-3.759482E-1
7.080000E1	7.766174E-1	-3.760808E-1
7.090000E1	7.754122E-1	-3.763832E-1
7.100000E1	7.763550E-1	-3.762945E-1
7.110000E1	7.762953E-1	-3.752946E-1
7.120000E1	7.764751E-1	-3.763169E-1
7.130000E1	7.748391E-1	-3.703750E-1
7.140000E1	7.724787E-1	-3.705837E-1
7.150000E1	7.725162E-1	-3.705272E-1
7.160000E1	7.727753E-1	-3.705301E-1
7.170000E1	7.726507E-1	-3.697871E-1
7.180000E1	7.730684E-1	-3.663775E-1
7.190000E1	7.730520E-1	-3.662734E-1
7.200000E1	7.732744E-1	-3.655784E-1
7.210000E1	7.724076E-1	-3.650931E-1
7.220000E1	7.729103E-1	-3.625584E-1
7.230000E1	7.704726E-1	-3.623686E-1
7.240000E1	7.712302E-1	-3.616556E-1
7.250000E1	7.728763E-1	-3.597383E-1
7.260000E1	7.715610E-1	-3.586325E-1
7.270000E1	7.712611E-1	-3.581158E-1
7.280000E1	7.708123E-1	-3.569145E-1
7.290000E1	7.698671E-1	-3.557424E-1
7.300000E1	7.693418E-1	-3.558755E-1
7.310000E1	7.686888E-1	-3.574144E-1
7.320000E1	7.684032E-1	-3.588937E-1
7.330000E1	7.684126E-1	-3.583349E-1
7.340000E1	7.690603E-1	-3.589289E-1
7.350000E1	7.682449E-1	-3.587507E-1
7.360000E1	7.659110E-1	-3.581885E-1
7.370000E1	7.663045E-1	-3.577768E-1
7.380000E1	7.675411E-1	-3.573429E-1
7.390000E1	7.683922E-1	-3.580591E-1
7.400000E1	7.676306E-1	-3.594543E-1
7.410000E1	7.683812E-1	-3.581420E-1
7.420000E1	7.671432E-1	-3.577090E-1
7.430000E1	7.662849E-1	-3.571816E-1
7.440000E1	7.675565E-1	-3.546395E-1
7.450000E1	7.676741E-1	-3.535504E-1
7.460000E1	7.668507E-1	-3.541578E-1
7.470000E1	7.657746E-1	-3.547448E-1
7.480000E1	7.654933E-1	-3.551874E-1
7.490000E1	7.654933E-1	-3.535229E-1
7.500000E1	7.676696E-1	-3.545913E-1
7.510000E1	7.654826E-1	-3.544817E-1
7.520000E1	7.648723E-1	-3.554479E-1
7.530000E1	7.644881E-1	-3.580098E-1
7.540000E1	7.631526E-1	-3.576011E-1
7.550000E1	7.630146E-1	-3.551222E-1
7.560000E1	7.639021E-1	-3.531259E-1
7.570000E1	7.649219E-1	-3.518801E-1
7.580000E1	7.655957E-1	-3.533266E-1
7.590000E1	7.655821E-1	-3.530559E-1
7.600000E1	7.670222E-1	-3.523057E-1
7.610000E1	7.674640E-1	-3.523303E-1
7.620000E1	7.663938E-1	-3.511973E-1
7.630000E1	7.665860E-1	-3.511926E-1
7.640000E1	7.662170E-1	-3.514887E-1
7.650000E1	7.659926E-1	-3.495266E-1
7.660000E1	7.674910E-1	-3.482074E-1
7.670000E1	7.653919E-1	-3.482743E-1
7.680000E1	7.642945E-1	-3.493181E-1
7.690000E1	7.642159E-1	-3.489725E-1
7.700000E1	7.628909E-1	-3.473889E-1
7.710000E1	7.637626E-1	-3.475721E-1
7.720000E1	7.630433E-1	-3.460565E-1
7.730000E1	7.621942E-1	-3.453113E-1
7.740000E1	7.614305E-1	-3.435295E-1
7.750000E1	7.620403E-1	-3.433175E-1
7.760000E1	7.632324E-1	-3.422722E-1
7.770000E1	7.633741E-1	-3.408446E-1
7.780000E1	7.625643E-1	-3.409175E-1
7.790000E1	7.629299E-1	-3.417914E-1
7.800000E1	7.629109E-1	-3.416444E-1
7.810000E1	7.658915E-1	-3.406907E-1
7.820000E1	7.656201E-1	-3.385026E-1
7.830000E1	7.669106E-1	-3.367486E-1
7.840000E1	7.699638E-1	-3.357625E-1
7.850000E1	7.707143E-1	-3.358819E-1
7.860000E1	7.715973E-1	-3.359137E-1
7.870000E1	7.711567E-1	-3.337175E-1
7.880000E1	7.701540E-1	-3.346692E-1
7.890000E1	7.693230E-1	-3.342366E-1
7.900000E1	7.700723E-1	-3.355283E-1
7.910000E1	7.711319E-1	-3.363784E-1
7.920000E1	7.714384E-1	-3.335465E-1
7.930000E1	7.712988E-1	-3.313799E-1
7.940000E1	7.719700E-1	-3.309513E-1
7.950000E1	7.728523E-1	-3.297925E-1
7.960000E1	7.716211E-1	-3.294943E-1
7.970000E1	7.703522E-1	-3.318324E-1
7.980000E1	7.706424E-1	-3.315084E-1
7.990000E1	7.713290E-1	-3.312476E-1
8.000000E1	7.718057E-1	-3.271412E-1
8.010000E1	7.705895E-1	-3.299839E-1
8.020000E1	7.708584E-1	-3.294659E-1
8.030000E1	7.721562E-1	-3.286165E-1
8.040000E1	7.721638E-1	-3.276574E-1
8.050000E1	7.742787E-1	-3.277842E-1
8.060000E1	7.738833E-1	-3.273287E-1
8.070000E1	7.747885E-1	-3.268276E-1
8.080000E1	7.761934E-1	-3.270997E-1
8.090000E1	7.763093E-1	-3.276944E-1
8.100000E1	7.744171E-1	-3.278587E-1
8.110000E1	7.751292E-1	-3.278000E-1
8.120000E1	7.765080E-1	-3.257733E-1
8.130000E1	7.752279E-1	-3.242197E-1
8.140000E1	7.763398E-1	-3.248601E-1
8.150000E1	7.765644E-1	-3.267676E-1
8.160000E1	7.765446E-1	-3.256085E-1
8.170000E1	7.755667E-1	-3.266218E-1
8.180000E1	7.760136E-1	-3.264734E-1
8.190000E1	7.762596E-1	-3.268153E-1
8.200000E1	7.759616E-1	-3.256290E-1
8.210000E1	7.756141E-1	-3.242984E-1
8.220000E1	7.787840E-1	-3.251717E-1
8.230000E1	7.799895E-1	-3.240955E-1
8.240000E1	7.796616E-1	-3.229281E-1
8.250000E1	7.782497E-1	-3.241236E-1
8.260000E1	7.798649E-1	-3.223327E-1
8.270000E1	7.811188E-1	-3.214599E-1
8.280000E1	7.795220E-1	-3.217782E-1
8.290000E1	7.792230E-1	-3.220232E-1
8.300000E1	7.795087E-1	-3.194291E-1
8.310000E1	7.798264E-1	-3.184188E-1
8.320000E1	7.813292E-1	-3.156430E-1
8.330000E1	7.807244E-1	-3.146217E-1
8.340000E1	7.813827E-1	-3.135676E-1
8.350000E1	7.821186E-1	-3.126732E-1
8.360000E1	7.835216E-1	-3.134547E-1
8.370000E1	7.848109E-1	-3.165867E-1
8.380000E1	7.830434E-1	-3.152476E-1
8.390000E1	7.824662E-1	-3.152875E-1
8.400000E1	7.815353E-1	-3.146109E-1
8.410000E1	7.825488E-1	-3.147694E-1
8.420000E1	7.827675E-1	-3.147764E-1
8.430000E1	7.826424E-1	-3.146924E-1
8.440000E1	7.819342E-1	-3.131714E-1
8.450000E1	7.822832E-1	-3.132727E-1
8.460000E1	7.823422E-1	-3.125479E-1
8.470000E1	7.835136E-1	-3.129242E-1
8.480000E1	7.832119E-1	-3.124503E-1
8.490000E1	7.827129E-1	-3.116444E-1
8.500000E1	7.827066E-1	-3.101914E-1
8.510000E1	7.837125E-1	-3.078708E-1
8.520000E1	7.837445E-1	-3.049432E-1
8.530000E1	7.818433E-1	-3.037609E-1
8.540000E1	7.822063E-1	-3.044885E-1
8.550000E1	7.803362E-1	-3.043107E-1
8.560000E1	7.797114E-1	-3.017828E-1
8.570000E1	7.818714E-1	-2.987060E-1
8.580000E1	7.817957E-1	-2.973577E-1
8.590000E1	7.822437E-1	-2.977907E-1
8.600000E1	7.815872E-1	-2.995637E-1
8.610000E1	7.806550E-1	-2.984949E-1
8.620000E1	7.808957E-1	-2.963371E-1
8.630000E1	7.783703E-1	-2.951846E-1
8.640000E1	7.778729E-1	-2.946669E-1
8.650000E1	7.794454E-1	-2.937891E-1
8.660000E1	7.768333E-1	-2.942685E-1
8.670000E1	7.771166E-1	-2.912501E-1
8.680000E1	7.768295E-1	-2.911003E-1
8.690000E1	7.777743E-1	-2.906391E-1
8.700000E1	7.793969E-1	-2.912500E-1
8.710000E1	7.794571E-1	-2.919572E-1
8.720000E1	7.800055E-1	-2.933291E-1
8.730000E1	7.805299E-1	-2.919212E-1
8.740000E1	7.827590E-1	-2.916267E-1
8.750000E1	7.804140E-1	-2.923363E-1
8.760000E1	7.815815E-1	-2.913668E-1
8.770000E1	7.823909E-1	-2.897368E-1
8.780000E1	7.812858E-1	-2.885339E-1
8.790000E1	7.799529E-1	-2.884943E-1
8.800000E1	7.789590E-1	-2.882577E-1
8.810000E1	7.769719E-1	-2.888921E-1
8.820000E1	7.780410E-1	-2.879604E-1
8.830000E1	7.767941E-1	-2.876130E-1
8.840000E1	7.765441E-1	-2.861891E-1
8.850000E1	7.763233E-1	-2.853066E-1
8.860000E1	7.754189E-1	-2.845090E-1
8.870000E1	7.733486E-1	-2.853367E-1
8.880000E1	7.713394E-1	-2.850406E-1
8.890000E1	7.724447E-1	-2.845778E-1
8.900000E1	7.709429E-1	-2.840489E-1
8.910000E1	7.713085E-1	-2.834238E-1
8.920000E1	7.703638E-1	-2.826077E-1
8.930000E1	7.697326E-1	-2.818985E-1
8.940000E1	7.695247E-1	-2.820591E-1
8.950000E1	7.690873E-1	-2.826564E-1
8.960000E1	7.689437E-1	-2.814696E-1
8.970000E1	7.707915E-1	-2.796833E-1
8.980000E1	7.711541E-1	-2.776794E-1
8.990000E1	7.705374E-1	-2.774656E-1
9.000000E1	7.708016E-1	-2.784210E-1
9.010000E1	7.713127E-1	-2.769542E-1
9.020000E1	7.705718E-1	-2.757741E-1
9.030000E1	7.709899E-1	-2.770805E-1
9.040000E1	7.693390E-1	-2.778711E-1
9.050000E1	7.706516E-1	-2.772401E-1
9.060000E1	7.710717E-1	-2.765867E-1
9.070000E1	7.713791E-1	-2.774704E-1
9.080000E1	7.693630E-1	-2.794073E-1
9.090000E1	7.694765E-1	-2.778612E-1
9.100000E1	7.680807E-1	-2.768867E-1
9.110000E1	7.668257E-1	-2.796266E-1
9.120000E1	7.664889E-1	-2.784302E-1
9.130000E1	7.661940E-1	-2.778681E-1
9.140000E1	7.659666E-1	-2.773569E-1
9.150000E1	7.663768E-1	-2.780864E-1
9.160000E1	7.655692E-1	-2.786642E-1
9.170000E1	7.640399E-1	-2.812948E-1
9.180000E1	7.648730E-1	-2.808248E-1
9.190000E1	7.642100E-1	-2.811921E-1
9.200000E1	7.648627E-1	-2.826235E-1
9.210000E1	7.687851E-1	-2.840659E-1
9.220000E1	7.684054E-1	-2.831523E-1
9.230000E1	7.671619E-1	-2.829565E-1
9.240000E1	7.648133E-1	-2.814180E-1
9.250000E1	7.650548E-1	-2.802614E-1
9.260000E1	7.645426E-1	-2.803112E-1
9.270000E1	7.668504E-1	-2.807580E-1
9.280000E1	7.661529E-1	-2.807712E-1
9.290000E1	7.656187E-1	-2.790390E-1
9.300000E1	7.633032E-1	-2.786142E-1
9.310000E1	7.629712E-1	-2.811199E-1
9.320000E1	7.641936E-1	-2.802984E-1
9.330000E1	7.650251E-1	-2.802365E-1
9.340000E1	7.654376E-1	-2.808455E-1
9.350000E1	7.659441E-1	-2.806718E-1
9.360000E1	7.641351E-1	-2.810336E-1
9.370000E1	7.653362E-1	-2.810818E-1
9.380000E1	7.651504E-1	-2.801352E-1
9.390000E1	7.626207E-1	-2.800982E-1
9.400000E1	7.590245E-1	-2.800814E-1
9.410000E1	7.577803E-1	-2.795777E-1
9.420000E1	7.571292E-1	-2.792663E-1
9.430000E1	7.563403E-1	-2.787182E-1
9.440000E1	7.544006E-1	-2.783158E-1
9.450000E1	7.557777E-1	-2.751140E-1
9.460000E1	7.555345E-1	-2.735231E-1
9.470000E1	7.557800E-1	-2.718790E-1
9.480000E1	7.537532E-1	-2.712665E-1
9.490000E1	7.511775E-1	-2.673172E-1
9.500000E1	7.511137E-1	-2.676670E-1
9.510000E1	7.507560E-1	-2.663935E-1
9.520000E1	7.509352E-1	-2.662373E-1
9.530000E1	7.507326E-1	-2.650654E-1
9.540000E1	7.508343E-1	-2.634165E-1
9.550000E1	7.494833E-1	-2.650669E-1
9.560000E1	7.499693E-1	-2.646063E-1
9.570000E1	7.494981E-1	-2.652987E-1
9.580000E1	7.477792E-1	-2.633374E-1
9.590000E1	7.477162E-1	-2.618597E-1
9.600000E1	7.465292E-1	-2.593588E-1
9.610000E1	7.460533E-1	-2.608923E-1
9.620000E1	7.484848E-1	-2.583377E-1
9.630000E1	7.501138E-1	-2.575195E-1
9.640000E1	7.504587E-1	-2.581471E-1
9.650000E1	7.503222E-1	-2.547494E-1
9.660000E1	7.497544E-1	-2.547453E-1
9.670000E1	7.482443E-1	-2.550160E-1
9.680000E1	7.480301E-1	-2.550943E-1
9.690000E1	7.489676E-1	-2.553978E-1
9.700000E1	7.492851E-1	-2.559547E-1
9.710000E1	7.496040E-1	-2.546054E-1
9.720000E1	7.509891E-1	-2.547295E-1
9.730000E1	7.527588E-1	-2.510723E-1
9.740000E1	7.558098E-1	-2.510214E-1
9.750000E1	7.553061E-1	-2.485952E-1
9.760000E1	7.544724E-1	-2.483379E-1
9.770000E1	7.546252E-1	-2.471389E-1
9.780000E1	7.535190E-1	-2.453070E-1
9.790000E1	7.549588E-1	-2.420923E-1
9.800000E1	7.566218E-1	-2.382889E-1
9.810000E1	7.570733E-1	-2.353713E-1
9.820000E1	7.590129E-1	-2.351440E-1
9.830000E1	7.597254E-1	-2.372146E-1
9.840000E1	7.621168E-1	-2.355326E-1
9.850000E1	7.596004E-1	-2.353584E-1
9.860000E1	7.598393E-1	-2.361930E-1
9.870000E1	7.603734E-1	-2.346262E-1
9.880000E1	7.610808E-1	-2.369996E-1
9.890000E1	7.590144E-1	-2.374547E-1
9.900000E1	7.575505E-1	-2.374543E-1
9.910000E1	7.579099E-1	-2.383451E-1
9.920000E1	7.583516E-1	-2.397946E-1
9.930000E1	7.579762E-1	-2.404942E-1
9.940000E1	7.587959E-1	-2.404001E-1
9.950000E1	7.585484E-1	-2.396413E-1
9.960000E1	7.591509E-1	-2.373724E-1
9.970000E1	7.591596E-1	-2.328706E-1
9.980000E1	7.597861E-1	-2.339995E-1
9.990000E1	7.621744E-1	-2.339456E-1
1.000000E2	7.604169E-1	-2.320202E-1
1.001000E2	7.617396E-1	-2.321615E-1
1.002000E2	7.621669E-1	-2.313780E-1
1.003000E2	7.634710E-1	-2.323218E-1
1.004000E2	7.638307E-1	-2.310938E-1
1.005000E2	7.633679E-1	-2.323615E-1
1.006000E2	7.638538E-1	-2.326103E-1
1.007000E2	7.633550E-1	-2.367913E-1
1.008000E2	7.635426E-1	-2.380372E-1
1.009000E2	7.634034E-1	-2.382087E-1
1.010000E2	7.635325E-1	-2.389183E-1
1.011000E2	7.643622E-1	-2.377754E-1
1.012000E2	7.654219E-1	-2.371931E-1
1.013000E2	7.635345E-1	-2.348132E-1
1.014000E2	7.628406E-1	-2.363478E-1
1.015000E2	7.631545E-1	-2.364268E-1
1.016000E2	7.630350E-1	-2.390376E-1
1.017000E2	7.628268E-1	-2.403108E-1
1.018000E2	7.624383E-1	-2.403497E-1
1.019000E2	7.626826E-1	-2.408793E-1
1.020000E2	7.626468E-1	-2.408468E-1
1.021000E2	7.631441E-1	-2.404881E-1
1.022000E2	7.633888E-1	-2.411509E-1
1.023000E2	7.619394E-1	-2.411120E-1
1.024000E2	7.625645E-1	-2.410607E-1
1.025000E2	7.622182E-1	-2.429408E-1
1.026000E2	7.628455E-1	-2.407624E-1
1.027000E2	7.634251E-1	-2.377676E-1
1.028000E2	7.627692E-1	-2.375975E-1
1.029000E2	7.621600E-1	-2.368719E-1
1.030000E2	7.626438E-1	-2.349618E-1
1.031000E2	7.624780E-1	-2.345817E-1
1.032000E2	7.608449E-1	-2.347402E-1
1.033000E2	7.605831E-1	-2.330221E-1
1.034000E2	7.590821E-1	-2.325391E-1
1.035000E2	7.586321E-1	-2.328990E-1
1.036000E2	7.585294E-1	-2.328946E-1
1.037000E2	7.592297E-1	-2.331531E-1
1.038000E2	7.603190E-1	-2.331148E-1
1.039000E2	7.630153E-1	-2.339934E-1
1.040000E2	7.625808E-1	-2.314546E-1
1.041000E2	7.614587E-1	-2.317456E-1
1.042000E2	7.618183E-1	-2.331266E-1
1.043000E2	7.596631E-1	-2.317030E-1
1.044000E2	7.603634E-1	-2.312680E-1
1.045000E2	7.601209E-1	-2.290156E-1
1.046000E2	7.592751E-1	-2.278458E-1
1.047000E2	7.586359E-1	-2.287742E-1
1.048000E2	7.596254E-1	-2.272685E-1
1.049000E2	7.605602E-1	-2.276157E-1
1.050000E2	7.612791E-1	-2.287889E-1
1.051000E2	7.610584E-1	-2.285158E-1
1.052000E2	7.604523E-1	-2.293867E-1
1.053000E2	7.614740E-1	-2.294024E-1
1.054000E2	7.618456E-1	-2.312450E-1
1.055000E2	7.615204E-1	-2.314407E-1
1.056000E2	7.615174E-1	-2.306722E-1
1.057000E2	7.606710E-1	-2.330282E-1
1.058000E2	7.604888E-1	-2.347611E-1
1.059000E2	7.607394E-1	-2.338749E-1
1.060000E2	7.595174E-1	-2.337113E-1
1.061000E2	7.624848E-1	-2.329798E-1
1.062000E2	7.638477E-1	-2.335600E-1
1.063000E2	7.631136E-1	-2.329434E-1
1.064000E2	7.636367E-1	-2.330708E-1
1.065000E2	7.633256E-1	-2.329631E-1
1.066000E2	7.654560E-1	-2.329668E-1
1.067000E2	7.645686E-1	-2.293399E-1
1.068000E2	7.659508E-1	-2.293235E-1
1.069000E2	7.645989E-1	-2.288442E-1
1.070000E2	7.648173E-1	-2.293387E-1
1.071000E2	7.632782E-1	-2.299403E-1
1.072000E2	7.638120E-1	-2.288541E-1
1.073000E2	7.632412E-1	-2.290377E-1
1.074000E2	7.630189E-1	-2.303849E-1
1.075000E2	7.628829E-1	-2.305883E-1
1.076000E2	7.634895E-1	-2.296199E-1
1.077000E2	7.643473E-1	-2.295420E-1
1.078000E2	7.651598E-1	-2.261149E-1
1.079000E2	7.645442E-1	-2.253732E-1
1.080000E2	7.639302E-1	-2.260618E-1
1.081000E2	7.619795E-1	-2.267069E-1
1.082000E2	7.616542E-1	-2.258234E-1
1.083000E2	7.613407E-1	-2.281895E-1
1.084000E2	7.620693E-1	-2.295583E-1
1.085000E2	7.626948E-1	-2.295622E-1
1.086000E2	7.625746E-1	-2.300768E-1
1.087000E2	7.614163E-1	-2.307176E-1
1.088000E2	7.628994E-1	-2.297926E-1
1.089000E2	7.637352E-1	-2.290196E-1
1.090000E2	7.632793E-1	-2.305438E-1
1.091000E2	7.626438E-1	-2.299509E-1
1.092000E2	7.620402E-1	-2.288918E-1
1.093000E2	7.619232E-1	-2.295339E-1
1.094000E2	7.596387E-1	-2.309590E-1
1.095000E2	7.601210E-1	-2.290637E-1
1.096000E2	7.608562E-1	-2.291264E-1
1.097000E2	7.621033E-1	-2.290744E-1
1.098000E2	7.623665E-1	-2.291737E-1
1.099000E2	7.605253E-1	-2.291255E-1
1.100000E2	7.600885E-1	-2.313268E-1
1.101000E2	7.581372E-1	-2.317587E-1
1.102000E2	7.584540E-1	-2.304759E-1
1.103000E2	7.566718E-1	-2.298519E-1
1.104000E2	7.557456E-1	-2.297797E-1
1.105000E2	7.555757E-1	-2.312062E-1
1.106000E2	7.552264E-1	-2.309400E-1
1.107000E2	7.544151E-1	-2.306576E-1
1.108000E2	7.548453E-1	-2.307578E-1
1.109000E2	7.574952E-1	-2.340661E-1
1.110000E2	7.573992E-1	-2.333896E-1
1.111000E2	7.576593E-1	-2.331383E-1
1.112000E2	7.579342E-1	-2.325569E-1
1.113000E2	7.583626E-1	-2.312492E-1
1.114000E2	7.581228E-1	-2.299280E-1
1.115000E2	7.595729E-1	-2.285072E-1
1.116000E2	7.627891E-1	-2.299925E-1
1.117000E2	7.592406E-1	-2.281552E-1
1.118000E2	7.590239E-1	-2.266893E-1
1.119000E2	7.588482E-1	-2.265936E-1
1.120000E2	7.589117E-1	-2.260469E-1
1.121000E2	7.585669E-1	-2.264790E-1
1.122000E2	7.586298E-1	-2.267983E-1
1.123000E2	7.586661E-1	-2.266840E-1
1.124000E2	7.583742E-1	-2.254391E-1
1.125000E2	7.603419E-1	-2.259530E-1
1.126000E2	7.606018E-1	-2.266958E-1
1.127000E2	7.620497E-1	-2.268863E-1
1.128000E2	7.604681E-1	-2.263483E-1
1.129000E2	7.629515E-1	-2.263235E-1
1.130000E2	7.647567E-1	-2.266811E-1
1.131000E2	7.661727E-1	-2.272917E-1
1.132000E2	7.656918E-1	-2.286143E-1
1.133000E2	7.659800E-1	-2.286915E-1
1.134000E2	7.644523E-1	-2.266471E-1
1.135000E2	7.664072E-1	-2.266116E-1
1.136000E2	7.658585E-1	-2.257119E-1
1.137000E2	7.676402E-1	-2.246706E-1
1.138000E2	7.689399E-1	-2.247880E-1
1.139000E2	7.686808E-1	-2.249222E-1
1.140000E2	7.687237E-1	-2.249500E-1
1.141000E2	7.701894E-1	-2.235473E-1
1.142000E2	7.707179E-1	-2.239704E-1
1.143000E2	7.689517E-1	-2.237235E-1
1.144000E2	7.693383E-1	-2.216053E-1
1.145000E2	7.696012E-1	-2.217365E-1
1.146000E2	7.714219E-1	-2.227788E-1
1.147000E2	7.720185E-1	-2.233100E-1
1.148000E2	7.742807E-1	-2.220391E-1
1.149000E2	7.722864E-1	-2.215304E-1
1.150000E2	7.740748E-1	-2.205820E-1
1.151000E2	7.751385E-1	-2.201963E-1
1.152000E2	7.748124E-1	-2.179498E-1
1.153000E2	7.751711E-1	-2.165297E-1
1.154000E2	7.744897E-1	-2.178895E-1
1.155000E2	7.742466E-1	-2.193126E-1
1.156000E2	7.721547E-1	-2.187650E-1
1.157000E2	7.726252E-1	-2.196747E-1
1.158000E2	7.731098E-1	-2.198146E-1
1.159000E2	7.713955E-1	-2.206084E-1
1.160000E2	7.718250E-1	-2.200070E-1
1.161000E2	7.704118E-1	-2.179574E-1
1.162000E2	7.703438E-1	-2.181678E-1
1.163000E2	7.699066E-1	-2.168670E-1
1.164000E2	7.713472E-1	-2.165024E-1
1.165000E2	7.726665E-1	-2.160878E-1
1.166000E2	7.705451E-1	-2.148768E-1
1.167000E2	7.694038E-1	-2.148875E-1
1.168000E2	7.708141E-1	-2.151925E-1
1.169000E2	7.707239E-1	-2.116215E-1
1.170000E2	7.703273E-1	-2.095759E-1
1.171000E2	7.705211E-1	-2.098071E-1
1.172000E2	7.703700E-1	-2.102894E-1
1.173000E2	7.695887E-1	-2.096368E-1
1.174000E2	7.683824E-1	-2.100975E-1
1.175000E2	7.662479E-1	-2.095659E-1
1.176000E2	7.680526E-1	-2.112838E-1
1.177000E2	7.690143E-1	-2.123762E-1
1.178000E2	7.686359E-1	-2.114506E-1
1.179000E2	7.681849E-1	-2.099466E-1
1.180000E2	7.685444E-1	-2.087174E-1
1.181000E2	7.678568E-1	-2.102835E-1
1.182000E2	7.667400E-1	-2.094768E-1
1.183000E2	7.674825E-1	-2.087423E-1
1.184000E2	7.687558E-1	-2.093164E-1
1.185000E2	7.687514E-1	-2.092871E-1
1.186000E2	7.680027E-1	-2.106705E-1
1.187000E2	7.670083E-1	-2.111216E-1
1.188000E2	7.672851E-1	-2.120333E-1
1.189000E2	7.680766E-1	-2.103025E-1
1.190000E2	7.679887E-1	-2.100693E-1
1.191000E2	7.666697E-1	-2.098202E-1
1.192000E2	7.639759E-1	-2.093855E-1
1.193000E2	7.623973E-1	-2.065833E-1
1.194000E2	7.640390E-1	-2.076778E-1
1.195000E2	7.625336E-1	-2.074976E-1
1.196000E2	7.621292E-1	-2.078315E-1
1.197000E2	7.636980E-1	-2.078790E-1
1.198000E2	7.661592E-1	-2.083337E-1
1.199000E2	7.661612E-1	-2.084424E-1
1.200000E2	7.656009E-1	-2.075490E-1
1.201000E2	7.655182E-1	-2.072043E-1
1.202000E2	7.661894E-1	-2.069312E-1
1.203000E2	7.681987E-1	-2.077864E-1
1.204000E2	7.677484E-1	-2.069573E-1
1.205000E2	7.692656E-1	-2.076012E-1
1.206000E2	7.688414E-1	-2.075217E-1
1.207000E2	7.674427E-1	-2.064906E-1
1.208000E2	7.688560E-1	-2.063092E-1
1.209000E2	7.676581E-1	-2.054953E-1
1.210000E2	7.673224E-1	-2.008373E-1
1.211000E2	7.672356E-1	-2.015068E-1
1.212000E2	7.663740E-1	-2.016105E-1
1.213000E2	7.678889E-1	-2.015212E-1
1.214000E2	7.681887E-1	-2.013520E-1
1.215000E2	7.678279E-1	-2.010319E-1
1.216000E2	7.677621E-1	-2.004040E-1
1.217000E2	7.676424E-1	-2.007207E-1
1.218000E2	7.676566E-1	-2.007297E-1
1.219000E2	7.666136E-1	-2.011999E-1
1.220000E2	7.684452E-1	-2.003307E-1
1.221000E2	7.689732E-1	-2.009654E-1
1.222000E2	7.674302E-1	-2.014310E-1
1.223000E2	7.677797E-1	-2.016217E-1
1.224000E2	7.676071E-1	-2.018048E-1
1.225000E2	7.677283E-1	-2.017352E-1
1.226000E2	7.692978E-1	-2.015992E-1
1.227000E2	7.700586E-1	-2.063097E-1
1.228000E2	7.684434E-1	-2.063131E-1
1.229000E2	7.659695E-1	-2.057485E-1
1.230000E2	7.649345E-1	-2.064282E-1
1.231000E2	7.635654E-1	-2.071709E-1
1.232000E2	7.621823E-1	-2.069077E-1
1.233000E2	7.610292E-1	-2.064885E-1
1.234000E2	7.612433E-1	-2.081019E-1
1.235000E2	7.593634E-1	-2.085563E-1
1.236000E2	7.604819E-1	-2.128766E-1
1.237000E2	7.589009E-1	-2.115731E-1
1.238000E2	7.593314E-1	-2.105161E-1
1.239000E2	7.595834E-1	-2.109555E-1
1.240000E2	7.621735E-1	-2.113945E-1
1.241000E2	7.608989E-1	-2.110069E-1
1.242000E2	7.599037E-1	-2.116323E-1
1.243000E2	7.598059E-1	-2.110440E-1
1.244000E2	7.603373E-1	-2.112193E-1
1.245000E2	7.594956E-1	-2.128965E-1
1.246000E2	7.586779E-1	-2.139560E-1
1.247000E2	7.595171E-1	-2.127446E-1
1.248000E2	7.582434E-1	-2.126654E-1
1.249000E2	7.573042E-1	-2.114262E-1
1.250000E2	7.576852E-1	-2.112991E-1
1.251000E2	7.573081E-1	-2.109459E-1
1.252000E2	7.546440E-1	-2.115233E-1
1.253000E2	7.536528E-1	-2.127971E-1
1.254000E2	7.524164E-1	-2.145634E-1
1.255000E2	7.526538E-1	-2.149827E-1
1.256000E2	7.534072E-1	-2.149378E-1
1.257000E2	7.519231E-1	-2.151715E-1
1.258000E2	7.519693E-1	-2.152297E-1
1.259000E2	7.521339E-1	-2.151096E-1
1.260000E2	7.520256E-1	-2.139000E-1
1.261000E2	7.515867E-1	-2.152933E-1
1.262000E2	7.520055E-1	-2.143255E-1
1.263000E2	7.533754E-1	-2.140196E-1
1.264000E2	7.526649E-1	-2.147800E-1
1.265000E2	7.533335E-1	-2.125249E-1
1.266000E2	7.530766E-1	-2.134651E-1
1.267000E2	7.548921E-1	-2.139939E-1
1.268000E2	7.546019E-1	-2.127428E-1
1.269000E2	7.551648E-1	-2.135084E-1
1.270000E2	7.555042E-1	-2.129996E-1
1.271000E2	7.532208E-1	-2.146372E-1
1.272000E2	7.530546E-1	-2.153095E-1
1.273000E2	7.519409E-1	-2.158327E-1
1.274000E2	7.516763E-1	-2.153342E-1
1.275000E2	7.526839E-1	-2.142852E-1
1.276000E2	7.516312E-1	-2.150202E-1
1.277000E2	7.522146E-1	-2.139209E-1
1.278000E2	7.522594E-1	-2.143199E-1
1.279000E2	7.509149E-1	-2.140512E-1
1.280000E2	7.491521E-1	-2.126143E-1
1.281000E2	7.483138E-1	-2.124739E-1
1.282000E2	7.481582E-1	-2.120891E-1
1.283000E2	7.484807E-1	-2.121269E-1
1.284000E2	7.500356E-1	-2.118616E-1
1.285000E2	7.497492E-1	-2.107173E-1
1.286000E2	7.495602E-1	-2.103379E-1
1.287000E2	7.511504E-1	-2.093897E-1
1.288000E2	7.502202E-1	-2.104251E-1
1.289000E2	7.506573E-1	-2.113304E-1
1.290000E2	7.504494E-1	-2.112818E-1
1.291000E2	7.498140E-1	-2.116161E-1
1.292000E2	7.469138E-1	-2.104662E-1
1.293000E2	7.491942E-1	-2.108774E-1
1.294000E2	7.489693E-1	-2.104146E-1
1.295000E2	7.451682E-1	-2.100151E-1
1.296000E2	7.441260E-1	-2.103965E-1
1.297000E2	7.451314E-1	-2.099804E-1
1.298000E2	7.464153E-1	-2.098805E-1
1.299000E2	7.467627E-1	-2.092327E-1
1.300000E2	7.473718E-1	-2.088146E-1
1.301000E2	7.498639E-1	-2.092842E-1
1.302000E2	7.504398E-1	-2.099225E-1
1.303000E2	7.505303E-1	-2.096310E-1
1.304000E2	7.483034E-1	-2.096772E-1
1.305000E2	7.499782E-1	-2.097913E-1
1.306000E2	7.482532E-1	-2.096914E-1
1.307000E2	7.470518E-1	-2.102755E-1
1.308000E2	7.443441E-1	-2.104585E-1
1.309000E2	7.443701E-1	-2.100546E-1
1.310000E2	7.447197E-1	-2.097766E-1
1.311000E2	7.447141E-1	-2.095496E-1
1.312000E2	7.442743E-1	-2.104894E-1
1.313000E2	7.443374E-1	-2.104291E-1
1.314000E2	7.466735E-1	-2.103953E-1
1.315000E2	7.461577E-1	-2.114783E-1
1.316000E2	7.456513E-1	-2.113850E-1
1.317000E2	7.439118E-1	-2.110753E-1
1.318000E2	7.436060E-1	-2.102516E-1
1.319000E2	7.431887E-1	-2.128683E-1
1.320000E2	7.433796E-1	-2.141161E-1
1.321000E2	7.432299E-1	-2.136440E-1
1.322000E2	7.427605E-1	-2.143172E-1
1.323000E2	7.431389E-1	-2.140492E-1
1.324000E2	7.418714E-1	-2.156829E-1
1.325000E2	7.406212E-1	-2.141843E-1
1.326000E2	7.417001E-1	-2.125042E-1
1.327000E2	7.390450E-1	-2.137834E-1
1.328000E2	7.388626E-1	-2.127586E-1
1.329000E2	7.391245E-1	-2.117130E-1
1.330000E2	7.370832E-1	-2.111593E-1
1.331000E2	7.379178E-1	-2.131408E-1
1.332000E2	7.383562E-1	-2.124122E-1
1.333000E2	7.377097E-1	-2.137406E-1
1.334000E2	7.367183E-1	-2.156251E-1
1.335000E2	7.326967E-1	-2.161457E-1
1.336000E2	7.320423E-1	-2.156157E-1
1.337000E2	7.310948E-1	-2.150591E-1
1.338000E2	7.309526E-1	-2.143151E-1
1.339000E2	7.340117E-1	-2.143079E-1
1.340000E2	7.344225E-1	-2.127507E-1
1.341000E2	7.345173E-1	-2.133849E-1
1.342000E2	7.356362E-1	-2.130677E-1
1.343000E2	7.360866E-1	-2.144261E-1
1.344000E2	7.354345E-1	-2.128141E-1
1.345000E2	7.338596E-1	-2.147356E-1
1.346000E2	7.312904E-1	-2.156608E-1
1.347000E2	7.317277E-1	-2.157870E-1
1.348000E2	7.299514E-1	-2.152677E-1
1.349000E2	7.290253E-1	-2.144836E-1
1.350000E2	7.270998E-1	-2.136960E-1
1.351000E2	7.268234E-1	-2.123648E-1
1.352000E2	7.261344E-1	-2.119919E-1
1.353000E2	7.270056E-1	-2.109791E-1
1.354000E2	7.261321E-1	-2.097682E-1
1.355000E2	7.244023E-1	-2.098600E-1
1.356000E2	7.239191E-1	-2.098901E-1
1.357000E2	7.237951E-1	-2.104700E-1
1.358000E2	7.231715E-1	-2.096540E-1
1.359000E2	7.239835E-1	-2.085991E-1
1.360000E2	7.262794E-1	-2.030262E-1
1.361000E2	7.272295E-1	-2.025488E-1
1.362000E2	7.299914E-1	-2.032389E-1
1.363000E2	7.310934E-1	-2.032420E-1
1.364000E2	7.308116E-1	-2.035113E-1
1.365000E2	7.310586E-1	-2.032230E-1
1.366000E2	7.308654E-1	-2.027562E-1
1.367000E2	7.302703E-1	-2.023622E-1
1.368000E2	7.304211E-1	-2.022314E-1
1.369000E2	7.303898E-1	-2.025201E-1
1.370000E2	7.307883E-1	-2.025241E-1
1.371000E2	7.310422E-1	-1.973262E-1
1.372000E2	7.317317E-1	-2.000842E-1
1.373000E2	7.336917E-1	-2.001231E-1
1.374000E2	7.334863E-1	-2.001452E-1
1.375000E2	7.360994E-1	-2.002546E-1
1.376000E2	7.373380E-1	-2.002559E-1
1.377000E2	7.343955E-1	-2.002713E-1
1.378000E2	7.344166E-1	-2.001114E-1
1.379000E2	7.334831E-1	-2.007924E-1
1.380000E2	7.332288E-1	-2.005401E-1
1.381000E2	7.320300E-1	-2.003976E-1
1.382000E2	7.318505E-1	-2.007270E-1
1.383000E2	7.319662E-1	-2.007168E-1
1.384000E2	7.328251E-1	-2.008229E-1
1.385000E2	7.361054E-1	-2.007089E-1
1.386000E2	7.376734E-1	-2.006208E-1
1.387000E2	7.372931E-1	-2.000707E-1
1.388000E2	7.375947E-1	-2.003195E-1
1.389000E2	7.352990E-1	-2.000005E-1
1.390000E2	7.373768E-1	-2.004045E-1
1.391000E2	7.386423E-1	-2.003007E-1
1.392000E2	7.409135E-1	-2.001374E-1
1.393000E2	7.444875E-1	-1.987052E-1
1.394000E2	7.431702E-1	-1.984030E-1
1.395000E2	7.427292E-1	-1.985035E-1
1.396000E2	7.407361E-1	-1.982022E-1
1.397000E2	7.410936E-1	-1.987480E-1
1.398000E2	7.428995E-1	-1.981964E-1
1.399000E2	7.404253E-1	-1.981102E-1
1.400000E2	7.403757E-1	-1.984764E-1
1.401000E2	7.393199E-1	-1.979947E-1
1.402000E2	7.398872E-1	-1.986397E-1
1.403000E2	7.426367E-1	-1.980061E-1
1.404000E2	7.417331E-1	-1.986866E-1
1.405000E2	7.414210E-1	-1.992010E-1
1.406000E2	7.400469E-1	-1.976752E-1
1.407000E2	7.394634E-1	-1.988687E-1
1.408000E2	7.406881E-1	-1.987370E-1
1.409000E2	7.400954E-1	-1.979622E-1
1.410000E2	7.396805E-1	-1.981122E-1
1.411000E2	7.377918E-1	-1.979815E-1
1.412000E2	7.371838E-1	-1.985220E-1
1.413000E2	7.386078E-1	-1.984280E-1
1.414000E2	7.375226E-1	-1.981564E-1
1.415000E2	7.354239E-1	-1.983122E-1
1.416000E2	7.365022E-1	-1.985811E-1
1.417000E2	7.376232E-1	-1.987416E-1
1.418000E2	7.370356E-1	-1.987732E-1
1.419000E2	7.368151E-1	-1.984807E-1
1.420000E2	7.380686E-1	-1.985316E-1
1.421000E2	7.358532E-1	-1.982294E-1
1.422000E2	7.330511E-1	-1.981897E-1
1.423000E2	7.316843E-1	-1.979554E-1
1.424000E2	7.311860E-1	-1.981083E-1
1.425000E2	7.309569E-1	-1.978896E-1
1.426000E2	7.310323E-1	-1.979201E-1
1.427000E2	7.317583E-1	-1.984624E-1
1.428000E2	7.331825E-1	-1.984416E-1
1.429000E2	7.323704E-1	-1.985475E-1
1.430000E2	7.325334E-1	-1.984837E-1
1.431000E2	7.318836E-1	-1.983753E-1
1.432000E2	7.315840E-1	-1.982290E-1
1.433000E2	7.316035E-1	-1.984264E-1
1.434000E2	7.302566E-1	-1.982450E-1
1.435000E2	7.289737E-1	-1.856047E-1
1.436000E2	7.295323E-1	-1.855949E-1
1.437000E2	7.318039E-1	-1.857593E-1
1.438000E2	7.305943E-1	-1.855550E-1
1.439000E2	7.298651E-1	-1.855313E-1
1.440000E2	7.271501E-1	-1.851320E-1
1.441000E2	7.272399E-1	-1.852269E-1
1.442000E2	7.273334E-1	-1.852938E-1
1.443000E2	7.278289E-1	-1.866228E-1
1.444000E2	7.289727E-1	-1.858781E-1
1.445000E2	7.291222E-1	-1.861893E-1
1.446000E2	7.305347E-1	-1.859549E-1
1.447000E2	7.262157E-1	-1.876732E-1
1.448000E2	7.266909E-1	-1.861954E-1
1.449000E2	7.279339E-1	-1.874332E-1
1.450000E2	7.256798E-1	-1.873960E-1
1.451000E2	7.246572E-1	-1.879190E-1
1.452000E2	7.242855E-1	-1.879555E-1
1.453000E2	7.233353E-1	-1.880216E-1
1.454000E2	7.234134E-1	-1.878697E-1
1.455000E2	7.234530E-1	-1.878099E-1
1.456000E2	7.238476E-1	-1.879725E-1
1.457000E2	7.232592E-1	-1.879980E-1
1.458000E2	7.235591E-1	-1.880799E-1
1.459000E2	7.211688E-1	-1.881709E-1
1.460000E2	7.191378E-1	-1.878321E-1
1.461000E2	7.185797E-1	-1.876664E-1
1.462000E2	7.180133E-1	-1.876603E-1
1.463000E2	7.193675E-1	-1.875872E-1
1.464000E2	7.209325E-1	-1.878413E-1
1.465000E2	7.191002E-1	-1.879848E-1
1.466000E2	7.196743E-1	-1.877880E-1
1.467000E2	7.186549E-1	-1.878371E-1
1.468000E2	7.169833E-1	-1.879342E-1
1.469000E2	7.193207E-1	-2.000842E-1
1.470000E2	7.189348E-1	-1.879804E-1
1.471000E2	7.194541E-1	-1.889301E-1
1.472000E2	7.185622E-1	-1.878514E-1
1.473000E2	7.193730E-1	-1.887282E-1
1.474000E2	7.173816E-1	-1.878623E-1
1.475000E2	7.142317E-1	-1.873178E-1
1.476000E2	7.172335E-1	-1.874273E-1
1.477000E2	7.153605E-1	-1.874371E-1
1.478000E2	7.143670E-1	-1.877316E-1
1.479000E2	7.144972E-1	-1.883360E-1
1.480000E2	7.158732E-1	-2.007737E-1
1.481000E2	7.138767E-1	-1.877656E-1
1.482000E2	7.130854E-1	-1.872118E-1
1.483000E2	7.109988E-1	-1.868707E-1
1.484000E2	7.121974E-1	-1.874470E-1
1.485000E2	7.123771E-1	-1.868500E-1
1.486000E2	7.165627E-1	-2.021527E-1
1.487000E2	7.165627E-1	-2.021527E-1
1.488000E2	7.165627E-1	-2.028422E-1
1.489000E2	7.165627E-1	-2.028422E-1
1.490000E2	7.165627E-1	-2.028422E-1
1.491000E2	7.165627E-1	-2.028422E-1
1.492000E2	7.165627E-1	-2.028422E-1
1.493000E2	7.136221E-1	-1.874199E-1
1.494000E2	7.118050E-1	-1.879964E-1
1.495000E2	7.122543E-1	-1.880072E-1
1.496000E2	7.111895E-1	-1.881037E-1
1.497000E2	7.113664E-1	-1.890832E-1
1.498000E2	7.090320E-1	-1.890269E-1
1.499000E2	7.096575E-1	-1.890839E-1
1.500000E2	7.104726E-1	-1.894902E-1
1.501000E2	7.112060E-1	-1.891444E-1
1.502000E2	7.114496E-1	-1.891819E-1
1.503000E2	7.110826E-1	-1.894085E-1
1.504000E2	7.112154E-1	-1.889616E-1
1.505000E2	7.112564E-1	-1.890465E-1
1.506000E2	7.113587E-1	-1.888975E-1
1.507000E2	7.083407E-1	-1.884052E-1
1.508000E2	7.060733E-1	-1.877528E-1
1.509000E2	7.073763E-1	-1.874011E-1
1.510000E2	7.063811E-1	-1.878486E-1
1.511000E2	7.073684E-1	-1.869671E-1
1.512000E2	7.134600E-1	-2.007737E-1
1.513000E2	7.126732E-1	-2.011411E-1
1.514000E2	7.114675E-1	-2.009126E-1
1.515000E2	7.104364E-1	-2.006270E-1
1.516000E2	7.111092E-1	-2.008668E-1
1.517000E2	7.110467E-1	-1.945682E-1
1.518000E2	7.094421E-1	-1.936652E-1
1.519000E2	7.101042E-1	-1.940865E-1
1.520000E2	7.075220E-1	-1.938789E-1
1.521000E2	7.066015E-1	-1.943390E-1
1.522000E2	7.071279E-1	-1.943424E-1
1.523000E2	7.057290E-1	-1.951311E-1
1.524000E2	7.041517E-1	-2.014632E-1
1.525000E2	7.024776E-1	-2.017296E-1
1.526000E2	7.020216E-1	-2.023242E-1
1.527000E2	7.031539E-1	-2.023494E-1
1.528000E2	7.028329E-1	-2.021771E-1
1.529000E2	7.044175E-1	-2.015580E-1
1.530000E2	7.032290E-1	-2.015298E-1
1.531000E2	7.019270E-1	-2.014339E-1
1.532000E2	7.017874E-1	-2.014737E-1
1.533000E2	7.018546E-1	-2.017202E-1
1.534000E2	7.011953E-1	-2.014026E-1
1.535000E2	7.013230E-1	-2.019523E-1
1.536000E2	7.028214E-1	-2.024073E-1
1.537000E2	7.031009E-1	-2.018327E-1
1.538000E2	7.020223E-1	-2.021030E-1
1.539000E2	7.029006E-1	-2.013849E-1
1.540000E2	7.010162E-1	-2.017556E-1
1.541000E2	7.013937E-1	-2.004290E-1
1.542000E2	7.048412E-1	-2.011185E-1
1.543000E2	7.049263E-1	-2.015447E-1
1.544000E2	7.059466E-1	-2.011209E-1
1.545000E2	7.046878E-1	-2.013328E-1
1.546000E2	7.025965E-1	-2.013706E-1
1.547000E2	7.023421E-1	-2.022588E-1
1.548000E2	7.011487E-1	-2.017023E-1
1.549000E2	6.999807E-1	-2.040550E-1
1.550000E2	6.996700E-1	-2.097372E-1
1.551000E2	7.005098E-1	-2.099095E-1
1.552000E2	7.005828E-1	-2.108903E-1
1.553000E2	7.017385E-1	-2.066345E-1
1.554000E2	7.050727E-1	-2.067804E-1
1.555000E2	7.064433E-1	-2.069503E-1
1.556000E2	7.076622E-1	-2.066044E-1
1.557000E2	7.099212E-1	-2.059994E-1
1.558000E2	7.091998E-1	-2.065928E-1
1.559000E2	7.092721E-1	-2.066214E-1
1.560000E2	7.109552E-1	-2.065015E-1
1.561000E2	7.094634E-1	-2.075078E-1
1.562000E2	7.113915E-1	-2.124952E-1
1.563000E2	7.126223E-1	-2.158379E-1
1.564000E2	7.127074E-1	-2.172905E-1
1.565000E2	7.112671E-1	-2.167540E-1
1.566000E2	7.113085E-1	-2.168374E-1
1.567000E2	7.099989E-1	-2.172082E-1
1.568000E2	7.093444E-1	-2.149793E-1
1.569000E2	7.106875E-1	-2.149984E-1
1.570000E2	7.138462E-1	-2.153868E-1
1.571000E2	7.132514E-1	-2.145190E-1
1.572000E2	7.126173E-1	-2.142984E-1
1.573000E2	7.095854E-1	-2.138011E-1
1.574000E2	7.096735E-1	-2.130161E-1
1.575000E2	7.090354E-1	-2.142522E-1
1.576000E2	7.094980E-1	-2.136924E-1
1.577000E2	7.096938E-1	-2.152197E-1
1.578000E2	7.095973E-1	-2.129887E-1
1.579000E2	7.083804E-1	-2.126033E-1
1.580000E2	7.085409E-1	-2.113560E-1
1.581000E2	7.089984E-1	-2.123856E-1
1.582000E2	7.068081E-1	-2.130130E-1
1.583000E2	7.059750E-1	-2.113467E-1
1.584000E2	7.067416E-1	-2.110094E-1
1.585000E2	7.068409E-1	-2.105757E-1
1.586000E2	7.060151E-1	-2.102143E-1
1.587000E2	7.048508E-1	-2.094767E-1
1.588000E2	7.033984E-1	-2.098678E-1
1.589000E2	7.034644E-1	-2.101321E-1
1.590000E2	7.057468E-1	-2.105744E-1
1.591000E2	7.053025E-1	-2.097582E-1
1.592000E2	7.065116E-1	-2.086602E-1
1.593000E2	7.068220E-1	-2.091091E-1
1.594000E2	7.071205E-1	-2.077864E-1
1.595000E2	7.091148E-1	-2.078792E-1
1.596000E2	7.125483E-1	-2.075115E-1
1.597000E2	7.121276E-1	-2.075340E-1
1.598000E2	7.109447E-1	-2.071089E-1
1.599000E2	7.081911E-1	-2.073161E-1
1.600000E2	7.087724E-1	-2.082027E-1
1.601000E2	7.097394E-1	-2.080747E-1
1.602000E2	7.106855E-1	-2.097881E-1
1.603000E2	7.118939E-1	-2.104684E-1
1.604000E2	7.136334E-1	-2.105372E-1
1.605000E2	7.158379E-1	-2.114568E-1
1.606000E2	7.157775E-1	-2.113271E-1
1.607000E2	7.146427E-1	-2.104150E-1
1.608000E2	7.134960E-1	-2.099695E-1
1.609000E2	7.133869E-1	-2.091550E-1
1.610000E2	7.154288E-1	-2.097439E-1
1.611000E2	7.164559E-1	-2.081159E-1
1.612000E2	7.169120E-1	-2.088027E-1
1.613000E2	7.182595E-1	-2.087011E-1
1.614000E2	7.160883E-1	-2.078227E-1
1.615000E2	7.157457E-1	-2.094552E-1
1.616000E2	7.185084E-1	-2.096384E-1
1.617000E2	7.189772E-1	-2.100101E-1
1.618000E2	7.189589E-1	-2.108806E-1
1.619000E2	7.190129E-1	-2.120193E-1
1.620000E2	7.174920E-1	-2.104983E-1
1.621000E2	7.184998E-1	-2.107442E-1
1.622000E2	7.173837E-1	-2.135822E-1
1.623000E2	7.158197E-1	-2.152862E-1
1.624000E2	7.157071E-1	-2.159972E-1
1.625000E2	7.159942E-1	-2.170675E-1
1.626000E2	7.150140E-1	-2.181835E-1
1.627000E2	7.123764E-1	-2.176274E-1
1.628000E2	7.120044E-1	-2.174586E-1
1.629000E2	7.122387E-1	-2.175081E-1
1.630000E2	7.093452E-1	-2.177858E-1
1.631000E2	7.092754E-1	-2.170803E-1
1.632000E2	7.094121E-1	-2.169087E-1
1.633000E2	7.084622E-1	-2.171712E-1
1.634000E2	7.068038E-1	-2.155917E-1
1.635000E2	7.075332E-1	-2.153999E-1
1.636000E2	7.060719E-1	-2.133203E-1
1.637000E2	7.064169E-1	-2.120130E-1
1.638000E2	7.066868E-1	-2.098321E-1
1.639000E2	7.078636E-1	-2.112818E-1
1.640000E2	7.086491E-1	-2.122186E-1
1.641000E2	7.100143E-1	-2.116124E-1
1.642000E2	7.065635E-1	-2.127905E-1
1.643000E2	7.079547E-1	-2.118525E-1
1.644000E2	7.072994E-1	-2.133280E-1
1.645000E2	7.061244E-1	-2.154428E-1
1.646000E2	7.064851E-1	-2.159323E-1
1.647000E2	7.062499E-1	-2.164562E-1
1.648000E2	7.064732E-1	-2.163624E-1
1.649000E2	7.063479E-1	-2.144920E-1
1.650000E2	7.080436E-1	-2.125238E-1
1.651000E2	7.080446E-1	-2.111283E-1
1.652000E2	7.089257E-1	-2.097902E-1
1.653000E2	7.091976E-1	-2.102365E-1
1.654000E2	7.097215E-1	-2.107450E-1
1.655000E2	7.115423E-1	-2.109893E-1
1.656000E2	7.130844E-1	-2.130469E-1
1.657000E2	7.132489E-1	-2.131337E-1
1.658000E2	7.110268E-1	-2.128396E-1
1.659000E2	7.110827E-1	-2.122301E-1
1.660000E2	7.078305E-1	-2.139979E-1
1.661000E2	7.075234E-1	-2.156591E-1
1.662000E2	7.079086E-1	-2.147889E-1
1.663000E2	7.074362E-1	-2.164482E-1
1.664000E2	7.078769E-1	-2.167090E-1
1.665000E2	7.096219E-1	-2.175318E-1
1.666000E2	7.094318E-1	-2.182665E-1
1.667000E2	7.126103E-1	-2.209720E-1
1.668000E2	7.121208E-1	-2.188932E-1
1.669000E2	7.129342E-1	-2.172521E-1
1.670000E2	7.140794E-1	-2.170083E-1
1.671000E2	7.149076E-1	-2.168766E-1
1.672000E2	7.154699E-1	-2.169052E-1
1.673000E2	7.161123E-1	-2.132612E-1
1.674000E2	7.155085E-1	-2.127596E-1
1.675000E2	7.163965E-1	-2.125021E-1
1.676000E2	7.168126E-1	-2.126038E-1
1.677000E2	7.192165E-1	-2.128249E-1
1.678000E2	7.195603E-1	-2.134970E-1
1.679000E2	7.194392E-1	-2.138799E-1
1.680000E2	7.201764E-1	-2.127232E-1
1.681000E2	7.201485E-1	-2.129516E-1
1.682000E2	7.214780E-1	-2.126523E-1
1.683000E2	7.216799E-1	-2.121303E-1
1.684000E2	7.226684E-1	-2.117442E-1
1.685000E2	7.222474E-1	-2.130734E-1
1.686000E2	7.230402E-1	-2.128521E-1
1.687000E2	7.219155E-1	-2.137258E-1
1.688000E2	7.250145E-1	-2.128706E-1
1.689000E2	7.219415E-1	-2.125364E-1
1.690000E2	7.209335E-1	-2.128622E-1
1.691000E2	7.190219E-1	-2.158054E-1
1.692000E2	7.190042E-1	-2.159417E-1
1.693000E2	7.189603E-1	-2.160517E-1
1.694000E2	7.195405E-1	-2.154984E-1
1.695000E2	7.211017E-1	-2.151113E-1
1.696000E2	7.213087E-1	-2.160485E-1
1.697000E2	7.224440E-1	-2.156879E-1
1.698000E2	7.247545E-1	-2.150294E-1
1.699000E2	7.267562E-1	-2.153581E-1
1.700000E2	7.291458E-1	-2.151997E-1
1.701000E2	7.296121E-1	-2.156615E-1
1.702000E2	7.304428E-1	-2.155210E-1
1.703000E2	7.306279E-1	-2.160232E-1
1.704000E2	7.313057E-1	-2.154655E-1
1.705000E2	7.320290E-1	-2.148288E-1
1.706000E2	7.326056E-1	-2.154641E-1
1.707000E2	7.341039E-1	-2.167791E-1
1.708000E2	7.324639E-1	-2.141743E-1
1.709000E2	7.323853E-1	-2.122431E-1
1.710000E2	7.338832E-1	-2.121535E-1
1.711000E2	7.316983E-1	-2.111860E-1
1.712000E2	7.325276E-1	-2.105045E-1
1.713000E2	7.319131E-1	-2.118567E-1
1.714000E2	7.316749E-1	-2.108541E-1
1.715000E2	7.306746E-1	-2.106203E-1
1.716000E2	7.316139E-1	-2.098998E-1
1.717000E2	7.324212E-1	-2.049107E-1
1.718000E2	7.324633E-1	-2.050722E-1
1.719000E2	7.318958E-1	-2.057048E-1
1.720000E2	7.329069E-1	-2.064346E-1
1.721000E2	7.325017E-1	-2.068741E-1
1.722000E2	7.319402E-1	-2.076118E-1
1.723000E2	7.329580E-1	-2.076342E-1
1.724000E2	7.312336E-1	-2.073557E-1
1.725000E2	7.293171E-1	-2.071442E-1
1.726000E2	7.298830E-1	-2.073801E-1
1.727000E2	7.315592E-1	-2.067461E-1
1.728000E2	7.314721E-1	-2.076546E-1
1.729000E2	7.301482E-1	-2.077669E-1
1.730000E2	7.303911E-1	-2.078754E-1
1.731000E2	7.293571E-1	-2.080528E-1
1.732000E2	7.309082E-1	-2.074021E-1
1.733000E2	7.320100E-1	-2.078270E-1
1.734000E2	7.329953E-1	-2.069733E-1
1.735000E2	7.320813E-1	-2.073970E-1
1.736000E2	7.324634E-1	-2.079690E-1
1.737000E2	7.319162E-1	-2.075085E-1
1.738000E2	7.328977E-1	-2.072640E-1
1.739000E2	7.334371E-1	-2.067924E-1
1.740000E2	7.300080E-1	-2.097372E-1
1.741000E2	7.320802E-1	-2.098731E-1
1.742000E2	7.330782E-1	-2.103098E-1
1.743000E2	7.334938E-1	-2.103115E-1
1.744000E2	7.336649E-1	-2.107997E-1
1.745000E2	7.376497E-1	-2.130854E-1
1.746000E2	7.379149E-1	-2.135704E-1
1.747000E2	7.373552E-1	-2.142390E-1
1.748000E2	7.386443E-1	-2.155904E-1
1.749000E2	7.412154E-1	-2.168907E-1
1.750000E2	7.403679E-1	-2.179469E-1
1.751000E2	7.402175E-1	-2.179428E-1
1.752000E2	7.400976E-1	-2.195323E-1
1.753000E2	7.402717E-1	-2.216043E-1
1.754000E2	7.405764E-1	-2.235401E-1
1.755000E2	7.388040E-1	-2.231951E-1
1.756000E2	7.404169E-1	-2.235347E-1
1.757000E2	7.406935E-1	-2.241541E-1
1.758000E2	7.387435E-1	-2.262774E-1
1.759000E2	7.411369E-1	-2.272250E-1
1.760000E2	7.413986E-1	-2.299204E-1
1.761000E2	7.432123E-1	-2.308661E-1
1.762000E2	7.416093E-1	-2.340971E-1
1.763000E2	7.400639E-1	-2.381304E-1
1.764000E2	7.412278E-1	-2.363697E-1
1.765000E2	7.407555E-1	-2.361274E-1
1.766000E2	7.399680E-1	-2.362053E-1
1.767000E2	7.396107E-1	-2.373952E-1
1.768000E2	7.389826E-1	-2.403761E-1
1.769000E2	7.391877E-1	-2.422229E-1
1.770000E2	7.392758E-1	-2.430691E-1
1.771000E2	7.391648E-1	-2.413974E-1
1.772000E2	7.410476E-1	-2.432971E-1
1.773000E2	7.397656E-1	-2.435261E-1
1.774000E2	7.396304E-1	-2.469815E-1
1.775000E2	7.396538E-1	-2.487533E-1
1.776000E2	7.386315E-1	-2.490619E-1
1.777000E2	7.403222E-1	-2.513147E-1
1.778000E2	7.390228E-1	-2.520908E-1
1.779000E2	7.365404E-1	-2.525041E-1
1.780000E2	7.384556E-1	-2.540425E-1
1.781000E2	7.387212E-1	-2.546526E-1
1.782000E2	7.372813E-1	-2.565806E-1
1.783000E2	7.359410E-1	-2.555310E-1
1.784000E2	7.347461E-1	-2.550212E-1
1.785000E2	7.337182E-1	-2.557715E-1
1.786000E2	7.328063E-1	-2.574838E-1
1.787000E2	7.327166E-1	-2.589976E-1
1.788000E2	7.328432E-1	-2.602381E-1
1.789000E2	7.319271E-1	-2.616994E-1
1.790000E2	7.319479E-1	-2.605133E-1
1.791000E2	7.292418E-1	-2.593275E-1
1.792000E2	7.278097E-1	-2.603325E-1
1.793000E2	7.288302E-1	-2.603222E-1
1.794000E2	7.266214E-1	-2.617188E-1
1.795000E2	7.260522E-1	-2.606742E-1
1.796000E2	7.267431E-1	-2.606627E-1
1.797000E2	7.264333E-1	-2.607900E-1
1.798000E2	7.270236E-1	-2.609373E-1
1.799000E2	7.271645E-1	-2.604389E-1
1.800000E2	7.271794E-1	-2.622458E-1
1.801000E2	7.268120E-1	-2.641048E-1
1.802000E2	7.273679E-1	-2.640918E-1
1.803000E2	7.251085E-1	-2.668850E-1
1.804000E2	7.239087E-1	-2.667090E-1
1.805000E2	7.226885E-1	-2.684299E-1
1.806000E2	7.216279E-1	-2.687544E-1
1.807000E2	7.232419E-1	-2.668607E-1
1.808000E2	7.230182E-1	-2.681263E-1
1.809000E2	7.231729E-1	-2.686121E-1
1.810000E2	7.247580E-1	-2.707775E-1
1.811000E2	7.219620E-1	-2.730378E-1
1.812000E2	7.218211E-1	-2.771743E-1
1.813000E2	7.232337E-1	-2.770615E-1
1.814000E2	7.249898E-1	-2.779612E-1
1.815000E2	7.242340E-1	-2.759404E-1
1.816000E2	7.232889E-1	-2.750032E-1
1.817000E2	7.220991E-1	-2.783124E-1
1.818000E2	7.222784E-1	-2.785608E-1
1.819000E2	7.208083E-1	-2.807794E-1
1.820000E2	7.193253E-1	-2.820617E-1
1.821000E2	7.185317E-1	-2.826754E-1
1.822000E2	7.179007E-1	-2.828649E-1
1.823000E2	7.176658E-1	-2.830125E-1
1.824000E2	7.181394E-1	-2.820951E-1
1.825000E2	7.191902E-1	-2.824561E-1
1.826000E2	7.200127E-1	-2.846803E-1
1.827000E2	7.204351E-1	-2.854064E-1
1.828000E2	7.195774E-1	-2.857467E-1
1.829000E2	7.204977E-1	-2.856451E-1
1.830000E2	7.208223E-1	-2.862446E-1
1.831000E2	7.215142E-1	-2.855075E-1
1.832000E2	7.207082E-1	-2.853002E-1
1.833000E2	7.202481E-1	-2.853920E-1
1.834000E2	7.203503E-1	-2.856580E-1
1.835000E2	7.201838E-1	-2.863430E-1
1.836000E2	7.211710E-1	-2.857842E-1
1.837000E2	7.234524E-1	-2.856919E-1
1.838000E2	7.238870E-1	-2.864431E-1
1.839000E2	7.230985E-1	-2.858425E-1
1.840000E2	7.240684E-1	-2.851372E-1
1.841000E2	7.253131E-1	-2.839834E-1
1.842000E2	7.247868E-1	-2.820864E-1
1.843000E2	7.262165E-1	-2.820136E-1
1.844000E2	7.256097E-1	-2.811683E-1
1.845000E2	7.243293E-1	-2.826686E-1
1.846000E2	7.252995E-1	-2.851154E-1
1.847000E2	7.238564E-1	-2.858224E-1
1.848000E2	7.242139E-1	-2.863540E-1
1.849000E2	7.255128E-1	-2.852565E-1
1.850000E2	7.254650E-1	-2.885854E-1
1.851000E2	7.249674E-1	-2.891133E-1
1.852000E2	7.254629E-1	-2.875040E-1
1.853000E2	7.252194E-1	-2.888953E-1
1.854000E2	7.229854E-1	-2.895267E-1
1.855000E2	7.232609E-1	-2.907687E-1
1.856000E2	7.235736E-1	-2.927827E-1
1.857000E2	7.225489E-1	-2.933057E-1
